3173
728
3381
2472
2489
2556
4202
4217
3738
2275
2410
3944
3608
3606
4088
761
1020
5010
2692
2031
3238
2437
2486
2295
2219
2300
1468
312
3990
293
1393
899
2546
3716
4120
2244
1887
569
1752
4843
4731
1022
2032
3701
3620
4613
2102
2675
3030
2948
3467
2378
442
2183
4088
163
2419
5066
4968
2479
1520
1864
1125
4603
1024
2870
1546
2582
3157
4121
4713
4102
1657
2221
2649
3428
1055
909
2105
1782
2184
2918
2899
4255
1944
120
4506
727
1458
4810
4985
5078
4959
4071
3910
1985
3769
2740
3737
2357
951
4640
4677
4749
4115
1586
3110
1533
4731
4841
4237
4502
1080
4485
4185
2295
4068
1142
1281
808
752
2356
5067
3561
5051
2788
2497
3001
1779
2037
4033
4011
4086
5074
2134
3606
2972
241
2032
2469
4838
2331
2297
2295
88
635
3144
3232
2661
2145
4665
1824
2549
2995
565
2960
3157
4562
3222
894
3896
813
2757
346
1008
1140
3093
2197
2903
472
3400
1019
2449
1240
677
4
719
3034
5084
3124
1542
3641
2718
2299
2806
71
550
2558
600
2080
4804
4551
1838
4285
279
73
2280
2245
4970
5092
1302
3974
3015
1674
3099
2455
4649
3541
824
1143
3199
2975
4160
2957
2874
4647
2350
2364
590
1805
3361
3111
583
1131
3546
89
1750
3514
2887
2772
1866
3981
3934
2667
3752
4678
4694
4320
4443
4858
3076
1612
4087
1541
994
5
2082
4208
3609
1685
4185
4568
3587
1587
2177
2676
2774
1073
1654
2177
4880
2043
4545
4002
4983
5079
583
4423
359
2382
835
1668
791
2693
5034
87
404
2500
1145
2046
2088
4899
4089
600
1370
930
3603
1311
2586
2138
4501
257
1594
712
2723
2526
2630
3847
3897
1801
500
1626
1511
1871
2063
1603
2736
4416
4119
2554
4117
2617
2442
5020
2614
357
2241
4827
4346
1018
3271
3832
1087
3844
2598
2742
73
2150
2037
2147
2919
1673
3970
4186
4216
4156
616
573
3167
4843
2669
4645
2645
4766
2159
3060
3029
352
1159
1830
1368
4274
4646
4316
776
1239
3192
4438
4917
4405
2520
4922
4073
470
497
2778
5011
3706
1952
1530
4392
3193
1670
2210
2626
1399
968
4224
2099
5049
4168
740
3654
1822
2830
4864
3258
2208
4344
1688
4550
5081
4500
4069
3907
1040
4649
4779
3078
4617
2042
3596
2635
2664
1188
489
1656
1702
4694
4197
1569
2153
4733
2494
3247
4004
2410
2555
3571
56
343
1532
2276
569
2548
1962
3395
1671
4409
2566
3168
230
3047
2930
1080
4080
2472
4875
1782
497
1175
3434
3487
3465
4935
1001
5114
57
1562
2373
1961
4226
730
1193
3588
678
2149
2090
4731
2676
2151
4796
1885
19
1930
2008
3959
905
3109
4808
2562
4277
2755
2557
567
4183
419
1847
1019
4139
4309
4857
4195
473
4878
3906
71
2311
1387
4904
3241
4909
2664
3915
615
1719
2283
1005
3158
1825
2070
3653
3345
102
4882
4880
4468
3664
3761
2532
4952
360
4442
1945
4089
3895
2976
149
5033
1544
1384
648
1351
69
4633
1714
2435
4199
1865
3488
2837
1358
1063
2083
3608
2432
4117
567
2523
2963
1588
4665
51
2663
619
3577
4748
2053
4928
2032
1091
3922
2400
3012
1856
2304
1545
3684
2283
3736
2216
3899
180
4379
1159
5074
584
2935
2031
3464
4202
4310
2281
343
2471
3832
2554
2629
3064
2032
2723
2009
3483
2420
3158
2610
3690
4149
2099
2128
4063
2346
1094
3095
3998
2039
2358
4086
3865
4269
3910
2353
4396
4069
3893
977
2017
4383
3173
1126
711
1086
1238
2263
791
1255
3745
3059
2847
2812
1838
1565
4810
4114
675
48
2321
4747
4732
2455
1785
2324
4732
54
3126
2213
3205
3158
3255
3607
675
4270
1272
2994
788
683
3672
4580
89
2183
334
4521
3030
3529
2047
2489
1020
424
1010
200
1175
1703
160
3417
2858
1250
1493
3573
2653
2229
4656
2934
435
417
2688
3857
468
2373
2024
2690
2763
5115
5034
3554
1996
4583
1744
4469
2426
5001
3952
1137
3477
296
290
2141
4969
1681
1039
3157
2740
2603
711
3205
624
4680
4814
1871
4891
239
1530
568
3576
3092
71
74
4618
3333
2607
3765
1564
2796
3815
488
1021
4086
4297
2379
2150
2675
3215
1159
1514
1218
4447
1546
3836
4187
2118
950
2551
2716
2809
3610
4463
4088
3178
1016
585
4795
527
1590
561
222
1072
2513
2517
2530
2315
2633
1833
4682
5082
2670
974
2663
4747
4258
601
3160
156
2092
3094
2030
1638
2314
651
1820
1240
2185
1146
2161
3721
2209
3611
2014
1094
1897
2915
2254
5054
2581
4116
4288
4706
2904
3608
3691
2034
2487
3205
1727
4223
3907
2293
3764
3392
3901
4781
814
226
1300
4758
1539
174
3977
1348
3445
2373
3293
2831
2167
2678
4414
1815
4192
4111
3687
3562
2670
1012
2295
266
1875
9
327
601
5002
4493
1335
4048
4072
2963
1963
1032
975
2105
810
453
2788
568
492
89
95
3113
3589
3558
515
2151
4520
5077
2933
4968
3365
2040
1700
2117
2691
2709
3202
1040
2073
4198
1670
1125
4085
3846
3814
5114
4087
952
1448
2556
5064
296
2521
4971
2493
2041
1054
4536
4026
3317
1352
4670
4634
4427
3095
1479
4121
345
1017
2234
4184
1717
2843
1541
4224
1426
1722
2221
4693
1562
1609
2711
2502
1338
2676
1862
508
4328
2065
2327
2736
1591
345
2046
1012
2944
2023
2741
2526
728
169
4995
3805
3530
3562
3960
4953
4853
3534
3507
2160
4196
685
2427
4712
3158
2150
1687
1159
178
4230
585
531
4552
72
151
3689
583
3574
3848
2683
4861
2099
3558
4638
3807
2122
2745
2185
2204
2201
3572
3047
3468
3598
4408
4885
2722
3702
2613
4332
5047
5006
4487
4643
2708
2462
3555
1797
3577
771
4693
808
88
684
294
1373
3766
2000
4201
2431
3059
1095
3876
2709
3585
3544
544
4217
4055
4634
2902
2975
584
1565
1557
4187
2551
4819
3608
2457
3894
39
4437
425
2433
4708
2218
1639
2702
4135
2102
335
1484
281
1468
1079
1175
2049
1944
2864
4973
4951
2816
2133
2089
3167
1602
13
2469
3979
5035
2324
1887
147
1658
72
2248
1576
4090
2389
566
2677
88
1727
4828
2011
2439
1686
4284
3205
1159
1740
4602
710
1207
2495
3624
1780
3622
4119
4138
3624
2545
4148
2830
4144
3029
2324
2069
2597
2167
2547
464
986
2196
2130
1607
1810
1042
1747
568
1942
4571
3151
1713
2538
518
2128
2315
4494
3174
4842
4090
1542
1950
4730
4794
4783
1545
3390
4744
2084
358
2374
4233
4064
1562
895
2414
909
4091
2047
5000
327
1400
308
4457
2296
511
2649
2046
2154
1795
394
515
4253
4186
1606
5096
3565
3446
1536
2566
2141
4581
1002
4518
3965
1130
3967
4904
4984
4998
585
2773
280
1718
2172
1271
3494
4582
24
1791
4319
3966
4093
945
2729
3044
1510
4091
3096
3093
500
1776
5114
4713
1085
1877
4198
3585
1572
3783
2283
2831
2100
4147
1532
1636
1797
1908
1843
3156
4504
3109
2118
4888
4588
279
1314
2028
2474
3181
2207
4737
4789
4641
1880
209
2196
3935
430
2679
2310
666
4693
1312
1333
75
4724
2548
2924
4892
259
3111
3906
2045
2577
388
2459
2789
821
299
1499
597
4639
3920
2933
2955
1787
449
1644
3789
3662
2335
3358
4881
844
1959
715
3575
1805
4796
4719
1721
3559
3013
2591
3933
334
1869
2814
984
2034
2213
4013
89
4173
4400
2953
4859
567
2420
747
4876
4089
3382
506
2198
2387
2389
42
2043
1078
1447
3563
3055
3665
4644
1060
4330
4780
5089
4618
2033
3949
2677
4273
1234
4569
4505
2279
5039
2634
3208
4218
942
5098
3706
3224
4443
2635
4633
344
3591
71
197
3752
3864
3910
3910
3466
3421
3896
3995
1817
1445
3172
1789
815
4085
2102
569
2378
481
3125
1139
2846
674
342
2613
247
1303
2076
4186
3188
2549
3189
72
599
584
2440
3090
873
3305
2724
3245
3668
112
3103
2037
2088
3607
1543
1176
4715
1809
1538
2312
2308
4411
4979
4984
2169
5118
498
632
4811
5097
5053
4503
2106
1749
3624
2056
4774
2151
2552
4496
2787
712
73
2024
2152
2133
1627
471
508
1260
4866
2903
4338
4497
3457
1038
4693
4865
4689
3846
3880
3910
3046
4896
2018
4159
4370
2340
1834
3653
2915
958
1996
4219
3158
411
4696
4027
1763
956
4210
4176
3805
3496
4070
2661
295
55
3756
1670
2486
4936
567
4183
4842
3173
3142
3235
1878
2104
3798
1620
1241
5004
3514
2570
2988
3109
552
4999
54
2151
2347
1949
972
2664
2327
2331
805
326
2771
3230
727
2981
3176
3752
4459
2221
1142
2843
1368
5115
5082
3620
2416
4826
3936
1912
4073
2023
2935
2886
1805
1798
2178
1270
3442
2357
3381
4137
4310
260
2804
567
3253
2510
4615
2040
4088
1639
501
3540
1801
4987
5100
3776
3362
3017
3974
2925
1220
50
1114
4459
2661
2757
1958
1680
1340
2040
1071
4801
3556
3051
4453
2389
4768
759
4694
2281
2819
2257
4745
2236
3723
4715
3721
5000
5003
1881
609
1786
4625
1089
1876
1379
2362
3798
3948
4477
4388
291
5034
4974
3478
2917
2650
4258
2044
2316
521
472
3734
4077
1502
421
892
584
1272
599
2295
2741
1838
1223
263
807
726
2534
699
4481
3972
3049
361
483
1143
2034
1033
4002
74
4486
2647
2013
2426
57
2150
4602
2421
711
527
3884
1019
748
2250
1241
2214
617
4056
2371
4095
4177
1793
92
1382
1669
1654
4695
4195
4631
2741
2739
1360
373
418
4091
4883
3731
4517
4057
4203
4194
2032
2707
3908
2154
4084
4584
2949
2792
1845
2241
776
2165
3624
2448
4368
1544
1192
2188
1690
2064
1611
2388
1640
3588
1825
4239
4330
2647
2168
2587
4731
2509
2591
1571
125
515
4783
2927
4969
4440
4086
4456
2153
2613
2678
1854
18
4136
2108
676
2574
4202
4744
1171
1023
1719
1742
2870
1922
2873
4207
3142
2368
4985
4849
5114
778
87
726
3034
1553
3229
1012
1279
3029
3285
2472
1862
4858
1788
2494
818
218
3145
1824
3357
3657
2324
4473
3513
2814
4880
4355
4873
4714
2909
1404
2525
4028
352
1059
1395
3890
160
416
1541
2
2092
1139
2129
567
2485
567
1575
4521
4137
617
4077
4158
1729
88
3798
2261
1904
4916
1700
3832
3895
3879
4394
1012
3913
2707
616
3681
2550
3623
3592
5074
4115
3305
2934
1566
3321
3076
454
4184
2078
4711
615
1687
70
1014
2140
4143
1545
2676
4711
2763
1078
1028
4717
3367
2787
4792
2407
5053
2549
3204
1533
3138
507
1530
4097
295
2122
1982
912
1903
3296
3174
3109
3202
56
1077
80
591
4612
585
3559
2528
72
2032
4304
320
3111
3142
3319
3289
3688
3275
4906
2400
1800
4274
453
833
3995
582
4487
3987
580
3196
1906
2707
2749
1360
4602
3293
4085
1390
1416
2628
3173
2647
2072
1549
4617
472
476
3883
4394
4735
4846
2109
4634
3286
4554
5096
3623
567
2473
120
4522
1857
175
1602
961
2415
1871
2064
3775
5117
5094
3198
4984
3558
4964
2567
136
39
2118
1673
3563
3320
4064
4760
5040
2980
3907
265
1238
390
1159
2280
2758
4731
5073
4233
692
3672
1200
243
1339
599
2527
1868
3647
4416
2145
2360
2351
929
1999
1230
2442
2650
3494
2935
4488
1021
790
3684
2298
1622
71
2587
2408
2660
3667
3614
3664
584
3636
4231
2340
5075
57
3042
1657
2141
2101
2599
2584
3493
2671
3431
995
3222
4672
2726
2756
2069
4700
4009
4235
5018
2638
1865
4187
4974
4439
4107
156
2061
2576
3063
1255
2555
581
2652
2283
2510
2264
1375
2650
4575
3391
844
346
1597
166
250
2649
1908
678
4953
1738
1021
3029
2801
2001
2497
4780
149
199
1585
4533
4580
3095
4356
3113
3577
2050
1537
1024
4896
1142
3597
1231
1655
488
1016
71
4795
513
2972
3519
4004
1822
2314
2772
2845
148
4619
3863
3304
4395
3701
4424
4779
3215
575
846
4891
874
3081
3619
3681
3785
2677
3595
2532
1669
1141
3330
3478
3670
3011
2549
4170
2830
2518
4729
583
601
521
1488
3200
3811
3408
71
1734
329
2888
3355
4054
3816
3805
2757
684
1606
2915
4131
1535
5022
3094
3631
4120
2042
5097
4496
3744
935
2500
1018
1656
3575
2254
1727
540
3261
2699
3753
4054
4219
5001
4269
4980
2023
2137
3392
2700
2551
2246
2292
3401
1012
3256
3120
4765
3391
3191
3158
1067
1806
2860
1673
2985
3560
4583
2034
4185
3064
2328
1558
2351
1545
2967
1507
4120
4825
4633
708
3111
598
1172
2294
2918
3573
3311
3298
770
4006
566
342
1423
2020
1934
2549
4184
3135
5076
1115
2106
2279
3706
2379
1628
1860
568
87
4988
3199
1892
3703
1008
1079
3231
351
2475
3847
2661
2509
4760
2487
3637
1831
176
4735
2179
1348
2031
4601
774
1235
4891
2554
3295
4229
2188
1539
4144
2971
2219
1912
2699
4269
4713
4991
5000
2010
2522
3619
2165
2404
454
2466
3979
1834
4775
3156
3092
677
1206
251
2167
4221
4619
4236
4749
2127
4620
1943
1053
2951
895
3935
4354
712
9
3900
2409
358
3030
4694
4753
1852
1619
44
2797
4021
5076
4513
3608
983
3454
345
4115
249
1400
3957
2586
4823
4651
4801
2356
4621
4071
2019
1398
3038
55
2181
2442
1756
2387
4936
2377
2087
5082
4089
1549
1832
1736
2741
2131
4796
1721
3567
4331
2565
1718
4865
3230
557
569
4485
3560
89
2776
2645
89
2433
278
2535
487
1859
2276
700
3810
945
2497
3061
2047
352
4773
1271
1719
727
3212
2064
3584
1991
3055
3752
87
169
2605
724
2307
2917
1791
2827
1155
921
1481
363
497
4080
4090
567
2707
864
2554
17
1916
2599
4676
3415
4676
3832
2601
2034
498
2729
2208
1800
508
2378
3008
3718
1509
3307
3550
1869
4819
3775
2752
4256
4827
3172
3175
3125
1638
483
2891
4186
4197
1032
2521
5114
3429
2520
5049
2429
2367
360
2924
2647
3158
1045
757
1294
1710
3375
727
4725
1351
1571
2245
3481
4073
4504
3556
4363
897
4120
2933
4101
598
3672
567
71
2096
4623
311
3883
473
2570
2632
102
1986
496
833
321
462
4841
2297
2332
1772
2204
2200
3059
2166
3684
2253
103
3252
3808
2709
2754
4069
616
3109
3274
3419
2050
1239
1670
2613
1618
2518
1557
502
4676
1825
2045
2395
4476
2297
201
1280
2634
3114
2408
4919
3981
237
2050
1552
4252
3864
5
88
3585
768
1079
2756
1176
2247
1541
2320
2675
4648
3917
1558
3401
4429
2454
1814
2283
3240
3480
2100
3320
1704
2552
1699
4434
2677
3256
296
2150
3175
5044
834
3514
3058
5065
4989
2247
3682
1896
1590
3577
1541
4534
2951
2874
568
3559
312
2324
1336
3586
2832
1711
2777
4568
3465
507
3385
769
1155
2750
4142
3573
2697
1657
4828
88
2683
4029
2082
2193
2197
676
3158
1811
2309
4176
1861
5116
2739
2758
3267
2167
4283
1008
4215
1780
4593
2299
457
4184
3671
3671
3557
1502
585
1531
1114
3738
1054
4969
4446
4393
1930
1055
557
524
1210
303
3447
2858
4118
4461
2101
4924
3907
3897
1551
1735
4980
4749
2364
1817
778
1144
3036
3761
4425
2313
4394
2871
2760
1852
1865
2474
189
2599
5017
5062
1672
2340
2971
4696
5055
2230
4485
1716
2002
2548
3029
156
4881
3591
582
1544
1526
2839
2207
2635
2204
4063
2298
2903
2252
1840
2263
56
2994
1117
566
1839
3028
2614
2707
2602
687
1316
4021
3413
3685
3700
2209
793
234
1263
1145
1096
1091
1673
1079
1288
4906
3444
1182
3514
2541
2106
655
3640
2469
1872
4050
4436
4840
3768
4780
4745
2199
3702
3626
2317
3173
1588
4710
4954
2527
4054
2417
2917
727
1021
454
1240
4774
1613
4307
2206
2930
5080
4856
2276
2268
501
3895
457
72
2263
3763
4807
4677
33
1096
1407
4880
1451
1864
2373
1846
1256
2722
2438
2699
2393
2043
2048
2092
4525
936
4641
3816
2310
3864
1696
2742
3987
3158
1733
1613
2245
3133
1821
2299
3908
2411
4680
4081
1985
2521
4989
1912
3694
3586
508
1695
4063
3993
2254
2851
3120
1726
4447
736
1919
1608
4647
3791
2669
3787
404
500
214
915
4833
2533
4425
3407
2982
3201
3158
4582
3701
73
2660
4437
1038
4086
3093
584
2444
1176
5053
2293
148
63
1579
3893
3846
3959
4120
1572
599
87
1793
1950
2552
2346
2321
3824
3795
4987
1736
4764
2386
4612
2923
3073
1768
2162
2633
4055
4147
2777
1795
4070
2312
2023
2151
4519
2757
4841
2562
4128
2047
3477
4779
3958
1531
4602
507
4547
1869
66
2814
2441
2883
797
377
419
4968
2663
2722
600
2153
3858
4584
3362
1383
397
2935
5015
3609
4205
5110
4206
2234
1268
3544
714
803
1916
1739
4842
4943
3716
3577
2252
2367
296
2559
1374
3514
4061
2969
3113
2896
402
1656
1920
367
1500
4664
3608
340
28
5010
2437
2658
3494
1081
3907
3315
3888
2754
2080
3333
3577
1302
1829
789
4273
4882
4608
2308
4192
2279
472
479
1539
2641
2757
56
1669
4138
1166
3706
3465
149
3978
4203
2067
2439
2424
4298
2423
162
2024
2283
4037
102
1707
2492
1009
3789
4849
1327
3466
3526
3517
4570
783
1452
342
3574
249
2819
2978
102
583
519
3621
3003
1591
2598
4131
4089
2105
4095
4579
4765
4685
4747
1710
4469
4600
4729
72
3230
2074
1030
1409
1675
1399
1299
662
474
2093
3815
903
505
121
1002
3146
2023
2040
5032
3938
2486
471
2374
3608
1080
3671
1022
983
1123
1545
1439
676
2206
3637
2832
2128
2305
2152
1175
2281
3059
758
72
80
1162
2168
1119
3045
487
3721
4694
2033
2881
868
4121
1135
567
2036
2663
2918
2914
1849
642
4694
681
2151
175
2678
844
343
775
4416
2751
497
340
864
2413
3358
2089
3710
736
2354
87
3718
631
2676
4731
4745
2292
4502
96
1239
3313
5010
577
1810
820
3630
2007
1296
1888
1545
7
4816
3095
3093
2623
4267
3876
3809
1474
599
2607
3157
1750
2554
4952
1649
4412
2055
1017
3316
4423
3062
4628
818
4544
1491
2740
4907
1660
4281
4215
4856
4368
2145
4254
3011
4711
2104
72
71
583
571
2559
2867
311
434
1039
4202
4733
3359
1628
3312
2128
5097
2871
4271
5044
4967
2480
2378
358
2313
55
4850
599
2552
3173
630
1639
2264
2321
1029
1175
4890
711
1032
1531
1826
4820
1780
474
4645
4774
3981
2651
4760
3313
4478
3079
1129
4825
2218
3751
1017
3781
3789
869
726
3624
1000
4014
5054
2999
4027
3706
3462
451
1834
1771
2373
4214
3909
4011
3311
3583
3259
4780
4697
2529
4469
2563
2173
4568
4390
1860
256
4649
514
3260
119
2684
615
2111
688
4681
2118
820
1603
3674
1023
1845
471
3746
1383
4544
1498
926
4208
5061
4576
2256
4158
344
910
4094
4048
3058
3233
415
74
154
4185
1765
2389
2283
568
2262
2647
731
935
1821
4762
1658
3157
3092
3205
4085
2495
2325
1791
3919
4205
2746
3311
4471
4080
3200
3120
5104
4747
3033
2554
4379
2946
3899
2815
4528
3446
2520
4114
4629
3124
88
4731
3798
1612
3607
2462
1003
3467
4443
2474
2037
10
169
710
2740
64
501
3586
815
4074
2889
2184
344
3992
380
940
4787
3106
2723
2659
2629
350
2421
628
2613
4807
2643
4362
1160
4314
1199
4179
2003
75
1770
2274
2102
2929
503
226
48
1040
2934
487
1875
2316
2510
1894
583
2454
2915
5082
1899
2030
991
2047
4015
4848
4884
70
3443
1049
2313
4089
295
4473
2676
2773
2378
1080
4096
2761
4930
4982
3412
1545
1008
2096
2344
1689
4694
4107
4580
3402
5040
2474
1628
3253
3671
162
4269
5033
3172
3963
3386
3896
1856
4581
2512
4648
1878
4138
4970
4391
1016
996
1869
2495
4303
962
2354
4712
2246
2072
4535
1038
4885
2772
4827
2640
3095
2595
2470
4603
3187
3996
1759
2799
4330
2778
2780
917
1158
1383
1030
295
4627
1842
518
2056
4825
598
4201
2754
4860
4984
3158
3908
711
2561
1175
3612
1547
3109
4667
3769
4569
569
3367
3417
3172
1255
1653
4554
1697
116
2869
673
3598
3750
3687
715
1020
4199
1394
1546
1183
2083
1746
4386
329
2575
3952
4137
3801
2633
3623
3056
4665
486
941
2292
1832
778
4170
3047
2998
3632
3702
1191
3558
1926
2470
1991
5002
666
2729
1022
2918
3494
73
1834
2741
583
3640
587
2122
2493
2604
1288
4872
3747
944
4836
2549
1631
752
2184
2046
2076
1083
3848
3880
1654
2069
4649
920
1903
181
844
285
3033
63
5094
2798
2331
5114
2341
1702
2661
4732
1418
4237
3386
941
3914
4984
3366
2551
77
3995
3592
981
38
4591
1570
2042
3988
2449
3957
3046
4936
5105
2528
2257
4609
1542
2105
10
2117
2114
536
1848
2519
4090
584
3111
565
2166
2178
2599
2263
1240
2195
676
4092
55
3160
1569
3125
5118
536
1750
2357
569
2310
548
1807
2266
2042
1023
1530
279
71
455
4664
4728
3706
4202
5083
1736
1084
1165
849
2537
2224
441
4186
1063
3359
4270
2081
3286
818
2263
1313
2789
906
2626
3916
3109
1947
2395
4491
4409
2718
4778
673
3514
2212
2057
4089
2351
550
72
23
1273
584
3389
1549
1448
2901
4937
999
484
2178
72
1690
773
1852
3217
3964
1480
1099
1082
2475
2482
2517
568
4370
2955
1206
2015
1180
2485
4808
2661
471
2877
2025
4264
2404
2040
500
4802
2551
1639
3160
4881
1687
1130
1022
1103
1845
1793
72
711
1514
3094
597
4480
3653
1078
2871
3192
3157
525
4767
3247
121
3081
568
1534
4765
4796
1871
56
1080
2117
532
3871
1542
3096
3109
4560
173
431
280
1573
151
4581
2411
1745
2462
2855
2859
2794
3419
2858
2874
2417
4088
4548
2177
802
2197
2017
2487
1684
916
3768
2501
1460
4989
2356
3205
2787
4843
346
1019
2660
1349
2679
3058
2933
823
2972
4554
1095
1026
2413
4729
28
4315
3609
4906
710
2757
1129
2853
944
4884
3577
1538
3056
4678
4807
2134
1640
4202
2650
2709
2598
2642
4315
832
3780
2506
4807
4731
1594
4783
1016
4753
2996
4788
2041
4617
3592
2351
4939
2052
420
1415
3831
1721
3831
1639
4783
1774
2470
981
3671
1139
4582
3992
4473
3610
2726
4749
1064
86
1183
116
1409
3891
1809
3298
4865
2649
2718
3113
1686
4056
5048
4072
1655
1252
870
4215
1515
879
3931
665
2169
4400
4186
319
4221
118
2034
2315
4169
2336
471
5058
3684
683
3413
1154
3220
2804
2723
319
1904
3922
1265
864
327
2490
4085
1056
3981
2631
4348
3200
3588
3009
4728
3417
4485
4202
4564
1613
1892
2708
2555
3519
4326
2183
2234
2178
2404
1095
3253
1523
3909
3362
4119
1798
4099
4685
4780
4995
2675
2741
2565
2145
1723
2090
3703
1053
5078
4729
2982
4781
4918
1635
2277
3846
3894
46
3910
3427
4392
1900
1034
2931
2286
1748
2002
4275
4706
1318
1823
3803
2725
4755
1654
2858
2752
2656
1016
999
1670
5076
4758
2295
4820
1143
4122
599
3094
3080
4136
584
2152
1126
4904
4885
4613
4521
3829
3808
1546
4131
3847
4680
2279
1847
3605
345
2208
4107
4585
301
463
3091
4509
2701
3295
2679
1204
2356
2988
23
166
1945
1909
2411
3199
2095
2675
5103
4063
4353
4359
1545
2597
590
162
499
3466
3664
1920
2023
2038
2330
4832
2963
4523
3625
4684
4086
4747
439
3016
3028
1399
4064
11
4716
3798
2267
3970
3094
4055
1952
2455
2217
1719
4342
2163
3429
506
4997
4871
4869
2962
2486
2855
3910
26
853
667
2789
566
2791
72
1766
1592
2903
4710
4020
2546
570
340
1458
5093
1327
744
69
280
473
3049
1548
3897
3915
1897
5033
164
4089
2041
1039
42
1446
1321
4378
1688
3685
4407
2730
4764
3293
4519
3560
3605
2102
1769
4222
4968
1817
515
4892
2791
1881
3250
1664
1161
2362
918
2310
3157
3941
3123
944
2254
825
4084
3921
1112
1255
2115
3505
844
1657
1302
2292
2323
2043
2426
981
3592
2918
601
2513
4087
1612
2926
4168
1548
1035
3563
4048
507
4826
328
434
5096
5031
4990
3174
3254
2118
1543
3654
3547
604
4072
3129
3962
2931
3205
4055
3206
2633
2597
2046
2564
1368
2174
3348
4090
1391
4550
3573
4254
1046
5052
4819
1831
3804
725
3811
3559
3554
2676
3706
3450
4069
5077
3718
3169
4725
3685
2747
5055
1744
1607
500
3925
4096
2315
2853
1964
2304
3186
2304
2634
4136
3130
736
2336
4272
4485
4305
3911
3876
369
1978
3167
4985
3343
696
463
3191
1159
1801
169
87
1288
2018
345
1355
191
1383
3446
3542
3799
3778
1911
4951
4509
2292
3752
4603
3737
1153
418
2057
3988
2046
1420
2299
1571
57
395
1011
5094
4070
3832
582
3095
2680
3701
1838
1923
684
4731
4795
4556
2153
2147
2934
1073
2179
1754
615
1588
230
3494
5016
4504
2093
4711
1863
3452
4007
4595
3081
28
3705
3608
5052
4154
3980
2799
4758
3315
1437
3558
1209
2328
807
1949
2934
1626
4651
870
4812
2395
1580
40
4780
4698
4610
2629
2615
1534
4026
4527
2445
2151
2426
10
540
720
3618
1211
470
4553
88
71
2261
1055
1466
3224
496
1750
2548
3119
3033
3722
4501
4582
4920
2521
1612
1858
3013
5072
1980
5114
3551
2039
2033
4007
4585
1543
1414
3949
454
498
313
3173
3176
4634
4694
2099
1617
1586
1426
1135
583
4072
1195
3678
1000
1596
4079
61
444
1887
3426
1640
2521
5054
2272
1689
4811
617
4644
3065
3108
4144
2128
4422
3900
3896
1865
201
1992
191
69
2167
2388
1842
2363
968
4807
4904
4763
4409
3831
4461
4855
4829
2418
2661
3239
285
1772
3403
4186
3688
2980
4896
691
4485
32
1143
4565
2331
2004
4403
3053
4280
2061
4220
4597
3276
3059
2611
1606
4730
4616
1225
2820
4110
4111
3405
4237
4649
914
4126
2090
592
19
2598
2384
3895
4551
118
1200
4078
3190
2031
4819
700
1012
2582
4049
1997
2064
1445
2254
792
2446
750
3935
758
910
1144
3293
3608
2990
361
1548
1944
165
2455
1160
2549
2023
2032
2309
2040
275
419
3630
3906
5052
3888
5110
2978
4676
2649
2308
2167
2852
2886
3253
4780
4169
1071
4564
5062
1528
567
3029
3539
2842
4936
404
419
3657
2552
3415
3864
1138
1744
1175
1146
1496
583
56
666
1877
623
106
3779
4723
1646
3258
3109
3419
3671
2694
2291
4223
3669
395
3232
1764
4575
2737
3138
1484
3996
3610
1980
3700
2524
5076
4551
5081
340
2187
1206
4489
2620
708
1126
2321
2107
2217
1815
2787
3063
1030
2153
2522
3800
2554
2201
2105
1021
1721
1005
2420
786
4036
471
4893
1517
1805
136
1770
4696
1095
561
2650
689
1621
71
96
2602
2903
4970
3418
112
1504
184
1139
1540
1020
2045
3561
2316
4406
5064
2706
3199
1956
3158
2151
3327
2299
4859
1098
5023
4120
4788
4154
5040
3686
503
3579
3378
3236
4988
2633
4427
1542
2723
1406
3627
585
1571
1434
4023
1309
4578
3094
3057
568
3200
543
4984
2789
3448
523
1776
2280
4186
1685
4478
3455
2820
2242
3100
1100
2385
72
601
1061
2460
4745
4703
4257
2056
831
344
2210
372
818
4574
2089
4658
1576
691
1158
1782
680
2757
4810
87
362
4748
415
567
523
3961
70
242
4509
581
4458
2364
3883
2399
3373
4502
4578
72
4591
2413
2013
2943
2815
4237
2004
4766
4010
1687
2033
2616
73
153
3624
1775
4608
4206
2351
3344
2997
747
1307
2718
4670
830
2456
4436
2902
617
4966
2917
4920
4546
1929
4857
2128
1767
1800
4089
1639
600
1289
1865
3157
3129
3201
3621
2489
374
4162
72
2168
266
4186
1559
3722
3359
2044
4969
3419
3900
4700
3093
130
4297
3804
411
3813
1138
1144
2598
616
1255
1561
1145
3822
529
3084
2047
1072
1021
466
1541
2099
2496
2263
4568
5023
3390
4411
2373
3929
4843
885
1389
3914
3353
1897
2036
4015
1702
2677
2657
2627
1039
1014
4995
2976
3456
941
2518
492
2134
2738
2230
2716
3563
1302
2378
3588
4865
3895
5116
1238
471
567
3280
1640
727
2719
1488
3479
2779
3815
4650
4653
89
1848
4901
1675
1545
9
7
506
2151
1351
2171
2615
2153
4027
4922
430
3358
5110
4732
486
3381
4905
2951
4965
4675
4291
2055
1756
1072
1800
1447
4693
4215
1584
486
1998
2023
2847
2777
3500
4979
5049
4915
4882
4952
1846
4724
3672
2731
9
3183
1054
1735
2079
186
2378
3862
3062
3865
3830
3829
2586
3160
254
633
2228
206
1160
2759
1368
3034
3587
3706
2575
2546
1390
1317
2310
2246
2099
3029
4715
1571
4401
1559
4505
520
245
2964
983
2897
4184
2961
2644
460
1701
2033
4594
1221
3174
3418
2567
3882
4988
3026
5115
1024
2041
2866
3729
4193
3753
1020
2351
2478
4713
747
2326
2276
1549
2314
362
1275
4120
2153
4180
2171
4930
4901
4869
2229
63
2278
4694
4794
4940
2032
4609
3949
1901
4781
3135
4071
2083
5081
5025
1409
4982
1009
3922
2117
1080
2106
2793
1778
5041
2612
4090
424
3514
3717
3675
188
2147
993
1670
3158
1629
1058
3607
3729
90
4089
326
418
3119
4435
2219
125
1452
201
5001
2935
2387
4476
2631
1222
742
4152
517
3598
3508
2527
1352
4480
4020
3769
3851
3913
1159
3466
4297
2950
2329
2553
3478
4070
4806
448
403
4428
4975
3653
3848
2469
3731
3684
4055
2249
3181
4649
3469
2101
2984
5032
2525
4128
2188
4143
1553
1027
3105
4617
3261
2099
4603
569
1974
91
1711
2251
2023
4968
3104
1702
2614
2934
2551
4368
2221
1862
1844
1891
87
740
598
2918
2842
1256
279
1329
304
866
2039
3970
4627
4607
1271
2676
833
314
4647
2031
1764
1985
433
258
3578
4918
2045
551
42
2396
4379
3876
4409
3873
1823
3036
4534
1969
4980
1842
3956
3899
4729
4733
4760
4981
393
3465
1999
5083
4215
2252
21
1278
2279
2211
4880
1787
1742
835
2960
3664
3972
2283
965
3060
2688
2754
4849
4237
3704
2130
3013
2946
3507
2018
1723
5092
2473
2446
1879
1546
1071
2698
3095
3125
5078
2041
1683
2741
1007
566
2008
72
2169
1922
3763
3848
3767
5109
1010
2181
340
4335
264
3027
3741
2546
2716
2086
3585
1540
36
2077
4202
4081
1688
3705
3607
1338
1541
1475
3430
2678
4693
329
600
1655
4903
1810
1192
4988
279
2493
4122
4683
4202
1940
2352
3586
2244
3980
1936
365
1947
999
781
446
4005
4082
2829
701
2857
4087
1639
3768
2649
2820
2604
1855
1515
1697
74
2604
2373
3125
3142
4501
377
1624
3157
5019
4736
290
1640
4152
2351
2107
2744
2727
4973
4526
3588
1398
4486
4696
3114
1839
2789
2310
303
413
3315
2802
4953
4804
912
584
3166
342
2920
4922
4268
1337
4234
2614
1545
4778
4203
724
3922
2824
4437
2903
3046
842
2411
2393
2628
4091
454
2046
4521
104
1966
1230
4168
2005
4217
1052
1515
2691
2757
1670
4055
799
2483
5067
1685
4943
1287
2312
4416
473
509
2674
345
1434
2402
3061
2346
215
4299
774
4986
2663
555
1826
4827
4796
2330
1051
1593
2152
4694
2684
4267
3791
255
3149
3260
1883
1659
2372
1569
2128
385
2816
4574
1603
768
4489
4063
2470
4766
1200
3172
4027
2046
170
4766
4203
4281
3466
713
4733
1141
1018
857
1161
2082
2344
743
2855
4859
4443
4239
2427
3336
583
72
4110
3608
3589
3095
2032
0
2117
111
2814
561
2567
4130
2300
3240
2324
1373
4085
2350
2533
46
1392
2487
2645
3191
2517
2551
2894
2128
4024
5094
3280
3650
33
3717
2931
2020
1190
2037
4002
5106
961
3595
1368
2007
2151
1975
1551
2103
4746
5011
4497
2310
1400
4995
3247
1822
4132
103
2205
2414
2716
2281
3002
2649
2047
2227
2934
2331
2366
2350
344
1396
4177
2298
2079
3061
1801
4876
125
90
687
600
506
3613
4592
4684
4499
2032
3519
191
4602
2521
4938
2523
1160
763
4231
3157
3093
2085
2976
1621
1683
2293
2305
3081
4085
2563
3946
2548
3552
2845
2979
4186
4992
1695
4779
2311
3705
4120
4150
4611
1958
2419
1539
1491
2474
2123
5013
3662
4908
2757
1798
2677
2435
4933
1987
5064
2185
2552
4686
4590
2286
2995
1274
3609
2444
2918
311
2117
199
72
1768
2346
568
4102
2387
1242
244
4565
984
1017
4985
2133
1914
1255
2023
3702
2044
3824
1618
1188
2109
3798
4054
4569
3093
4728
2554
179
3833
165
4764
4986
2660
3770
4474
4485
3971
4765
4672
4808
2136
1118
5018
2003
1550
1573
2406
4694
2798
4690
3607
2600
2199
1157
4180
4256
3920
3172
676
2725
4551
4015
1158
1669
1704
2241
2529
3918
1792
2772
2730
2116
4839
4839
4394
1020
4441
3929
3595
3880
1544
136
3705
2723
3482
2279
3215
2039
4144
2627
3095
3900
4712
676
1967
5081
1613
3512
2395
2559
2508
1847
2469
1202
4192
1023
2495
3157
1089
1044
2788
2901
1986
1217
595
334
3317
2566
1459
4904
4807
4895
599
3686
4521
3831
6
3782
1481
4413
5082
854
200
3751
1345
1080
4088
353
1432
246
4764
3001
2512
2497
5054
3739
13
1604
1913
1762
2888
4842
4183
1982
3813
231
3751
804
3224
4241
3146
4237
3391
3979
2903
3001
4027
4480
3574
2319
3560
1786
3175
2107
3557
3151
2587
1012
5033
998
1011
1159
4106
4436
3823
2329
2459
2449
4135
4137
302
5020
5091
1638
1951
1091
3856
446
551
1497
4858
4878
2032
5074
2535
3192
2551
145
2296
1545
223
254
4882
3900
4468
713
1032
1091
4731
2663
4750
2080
3302
3206
327
4625
3752
1335
1863
3804
4300
1158
3285
568
4636
679
87
1038
2308
4348
3843
2152
1586
1658
4952
582
539
2661
3608
4347
681
517
2713
1907
1130
3783
1025
377
444
2159
1606
2803
3472
1856
4902
1159
1564
4783
1493
1016
2029
1060
889
2787
1493
2108
4777
2645
2279
2302
1886
4020
312
1345
1078
4087
2633
4424
1896
4884
1705
4054
1627
2634
2078
2378
4575
4989
2592
1143
1002
4411
3561
1781
4504
3172
3190
3286
4082
3185
4790
4694
4827
4807
1950
4145
4077
3542
2678
975
711
198
719
3056
1012
3847
1108
390
1304
2421
1557
1865
67
1785
3093
500
69
37
55
1571
3958
549
4365
4478
5036
2525
554
1613
2424
2373
4649
2903
2613
1654
2661
2024
3038
2505
413
1384
1702
2550
4203
2678
4234
584
2387
581
517
1579
444
1573
910
4119
2084
2193
729
1207
2187
2168
1204
3605
3763
2208
1607
1674
1607
263
3444
3935
2665
89
2000
1057
248
651
3051
2773
2149
2741
4715
1083
1376
687
516
3882
1726
5114
3359
1685
3419
2519
3354
4892
2197
4830
5082
1778
2347
1360
3204
1317
821
507
1996
2474
2511
3965
1097
4148
4523
2340
1753
548
3900
585
2346
1826
4073
360
4780
2966
1540
1727
2268
4226
2047
2795
2241
1864
160
1815
818
3850
974
1439
3202
2124
4952
4984
3722
4485
3562
2141
2675
2774
788
1966
4999
679
3111
4889
4085
1159
4550
4070
3988
5044
4422
3095
4808
3252
4472
3016
3769
3832
3877
63
584
72
4136
1545
5077
1185
2093
4018
3734
2763
329
4672
4755
4649
1153
844
3183
1437
2039
43
4678
5030
4889
4408
5102
413
443
5003
2441
2718
473
4116
2141
3173
3222
3124
2080
3061
2608
3577
3566
3312
2336
4907
4816
2032
3702
3285
498
295
5115
73
2280
415
7
135
3028
1254
2166
1821
