4589
4676
1925
561
4451
6035
4808
7977
7977
7426
4981
7140
4628
5109
3632
4349
1399
7866
4836
4862
7646
8969
9056
7054
4344
4327
3589
5663
9552
3813
6544
2861
8480
1887
1155
7621
5928
5926
5932
7116
6984
7087
4384
4385
2637
3606
4949
6793
2956
4801
2751
5110
5265
4651
3388
1947
1371
9363
9365
3517
9559
6777
3861
7645
6783
3622
6035
5048
6080
6874
3826
4980
931
4346
4609
8346
8340
4558
5198
9365
2942
1462
2666
625
3301
2111
3221
1688
1527
8247
4060
4035
166
2077
2253
9206
1134
8689
1154
5486
1814
6453
5112
3203
6680
6896
4343
7751
4437
4413
7010
3854
2897
8875
5809
8712
4878
9407
4960
9271
8990
8994
7938
3384
2004
3291
4092
8969
4544
6123
5028
253
4363
3135
8308
1923
5545
187
846
2853
7227
1394
7866
1388
1567
6789
6421
8374
6096
1881
2981
2211
7865
626
2045
5286
9339
1110
4854
5027
9022
4392
8071
3648
9411
5111
5109
4860
3322
6073
3155
4387
4450
8967
7641
4807
2409
1400
769
9188
4694
4720
4760
7632
7764
5508
9079
8930
3200
9607
9136
1814
6502
4456
5400
6682
5653
1896
7053
7977
1777
1132
1002
1136
8503
6710
8478
3160
8879
5037
2540
1111
4057
1640
1624
3772
3520
8272
2209
8808
8178
5527
188
8088
373
4608
1685
3507
1309
999
1573
3840
3547
1922
7867
7842
7891
1939
3617
2101
5089
5167
7624
3108
7997
1426
3611
8849
7439
4048
6059
4864
1464
2386
55
9536
9540
7855
9145
5281
8748
3496
6767
6369
7474
4534
637
4379
4272
1580
3819
2022
4389
1045
9556
1288
8918
1272
2824
1925
5615
2742
7679
5684
1385
7159
4826
4133
8923
508
3420
7861
779
8835
6860
1120
910
2211
3313
5332
3821
6433
1353
9057
7447
7008
3801
4523
9628
186
4256
1177
9583
5377
4370
2959
9424
4002
3179
4959
2211
2607
647
5700
3735
4655
7997
7007
4101
964
5071
7126
7760
4390
6753
592
4474
779
6981
5509
5442
3668
6342
6695
1030
9409
9121
9326
931
6901
8416
2079
8046
8965
5081
4113
7994
9385
8308
4056
849
1860
8895
2710
3321
7304
6874
7358
3222
8435
9493
7248
8712
5589
7664
5171
6013
5570
5111
3949
4104
2956
7866
7517
8967
9122
3397
8221
2026
389
4634
1790
7551
7978
6811
5029
8906
1847
4171
8502
8453
2984
4231
7179
187
6548
3819
6086
2120
8864
5152
1827
9480
5619
9406
5265
4762
1353
8787
562
7866
3085
7819
4833
4082
7455
5183
5715
210
3160
2192
1631
1324
4327
3176
4039
9010
1017
6569
5025
6504
1111
4822
7128
5382
9298
4853
8374
8001
373
3829
7027
7678
4628
9454
4387
7648
7650
4700
673
675
2389
3848
7051
331
207
4144
4188
1154
5110
8548
3325
7900
4278
6678
552
4917
6361
3395
5928
2574
9050
5775
536
2552
1541
5250
845
3565
931
6827
3068
3268
6334
6238
4318
7101
7379
3761
3935
5575
6036
3434
7049
9189
8989
8088
9406
290
3646
670
2744
9528
6823
3005
9278
8806
9108
7647
6523
8383
6547
8878
4035
2063
8018
7124
7948
2931
7621
6782
3430
3295
5484
9462
8450
8559
4673
9388
1488
9023
848
5202
2745
8437
7648
4102
4040
4614
565
8222
7763
8947
1423
9060
7761
1899
8679
5052
4419
4986
3450
9212
19
1661
9539
4611
9441
7661
9273
7325
1155
2231
9145
9362
4808
3638
8755
8856
5956
6630
4958
6564
7462
5226
9085
1284
2613
4786
4344
3219
7954
4396
4519
3528
4273
5043
5529
1132
5401
186
4102
4856
9436
5620
5130
6928
3357
4414
3279
5176
8896
5702
8049
6505
5906
3894
7885
157
3096
4481
5660
4402
5657
6565
4302
9200
4264
9252
2580
2305
3532
5576
2897
3005
6035
5687
3921
5548
3814
1918
7476
5531
8918
5420
7840
2680
9384
2533
7570
1869
6872
7161
7076
8008
5265
111
9166
1348
9231
2083
7184
2907
7645
4831
7767
8968
9475
8904
3069
1550
4146
9225
2035
8412
2083
6796
4322
5089
3784
4392
6767
4462
3539
6225
5696
2100
2117
4300
2844
8046
1527
5668
8991
8988
8411
3180
7362
6887
5529
3916
6454
187
3315
5905
9535
5636
4706
3778
847
618
2691
7335
7441
1109
121
8159
3988
1194
7390
4113
3107
8044
4480
8456
4389
3391
5574
9221
8325
8216
9036
2944
31
9294
58
1394
7625
4871
9208
8789
7979
7954
4415
2079
4806
8210
9384
6874
5521
3870
1783
1966
9228
4675
9328
3917
2962
4535
4297
651
6178
1866
8027
5831
7236
8177
6767
3816
3675
8171
9557
5483
8327
7363
9253
7308
4854
6015
7225
822
809
9086
546
7593
4680
4884
7623
8942
3089
5049
8946
8104
3995
6542
4586
7322
5926
8273
7404
3586
5287
1109
2210
1373
135
2186
1332
2410
7965
1487
2364
1197
1928
1421
2678
3866
1942
1426
1773
2111
1776
121
8955
9428
6874
5
6918
5175
5111
5223
7664
5671
8480
6393
1857
4392
7137
4357
4175
1342
4034
7042
5172
5220
4321
5289
5226
8733
3268
3986
4030
4126
8968
7645
2008
2834
933
945
6832
1880
6036
3334
9335
2618
3436
579
1067
9384
6838
4914
8611
3356
2254
6101
43
3761
6774
5353
4608
5463
3025
1178
187
832
821
6454
8150
3669
5448
2806
6777
5113
8079
5133
9405
1134
9
5481
2540
8629
4984
5966
7950
8941
6342
7486
4978
7808
2302
8370
9146
2410
6875
1506
8961
700
3196
5288
715
3533
5928
7864
4876
3399
2961
347
5663
5488
5067
6499
6739
5574
9056
9080
7649
1242
995
3858
1960
8765
1922
1110
2814
5175
208
4258
7606
2957
8884
10
5029
5027
4606
7601
6675
4917
8064
9080
8109
3300
6221
5020
6482
4011
1808
4094
6881
3954
626
2677
740
2539
3433
7598
7955
5209
9539
4379
6057
2332
8517
9313
6754
9106
5724
5070
3092
793
3751
8481
2146
4206
5037
5093
4429
4431
4451
4580
8716
4523
2186
7845
4412
7886
5933
6036
7864
7921
4118
4370
4107
6405
5289
7359
7272
8193
8969
8990
1396
2232
1320
8120
5662
5687
6542
4765
2914
4807
5322
3438
8045
8898
5507
7890
4006
4167
3480
961
3041
1017
1132
4651
3002
142
1314
4
9053
4115
6524
5189
5271
8423
5163
1667
4327
1504
7029
9296
7686
6098
1923
5242
5152
6387
7333
5398
9633
9481
9474
7408
867
6698
1608
7888
6652
2538
4429
3259
4345
3456
4835
5227
5718
6111
7304
8330
5199
6461
9498
9340
7071
3365
4392
496
7342
9639
8156
4341
1790
6783
8712
2044
8736
786
6787
8465
9036
9142
8043
648
2756
7996
2960
8856
4019
5961
9275
8047
2430
4321
1134
22
1430
2090
1338
576
6926
1023
7337
1506
4406
4365
4059
2009
1864
9209
186
3563
6489
4365
6982
4450
7495
9365
2573
7611
5501
5485
843
815
3863
6036
3927
6080
7977
6749
3485
5950
5947
4673
4831
3642
2919
5671
3752
3736
2046
4905
2559
4611
867
929
2904
3970
3309
189
8456
6957
5123
6913
8718
4980
5113
1508
8962
3794
8969
9085
8631
5694
3960
8317
3936
4941
5201
279
7141
7148
8367
6845
7037
7387
5089
3164
4123
4721
9164
5747
2482
5673
8421
1355
1902
1324
2253
4967
8681
4337
4102
893
5999
7866
2203
2129
6416
9122
3918
1589
8517
5682
5457
4902
4035
3021
6895
3344
8711
8517
7397
9395
7838
1658
3484
5491
6049
8922
3878
5582
4473
7186
3265
9100
1859
8611
3082
6287
1375
6677
713
9177
6198
2113
7093
7823
6083
3413
6756
7455
8789
8943
3094
4169
8969
4153
4563
3926
6195
2981
3804
4296
7600
9672
5613
9365
4048
8395
6252
7965
8762
7866
2026
7889
4923
2102
4208
9230
4633
6791
1826
943
4759
4609
4043
7424
5131
9531
3589
1815
2742
9166
8117
2024
149
4220
975
8210
7969
6400
1851
9383
1421
6685
6110
3844
2926
208
6502
80
8895
2955
4079
870
4578
8171
2607
2632
9384
3158
3902
2962
8751
2043
1458
4368
4437
8919
2431
6860
4366
672
747
7685
6679
6638
4435
7849
7672
2100
8801
2843
9533
5050
3920
8307
6015
4462
3820
6148
7005
2387
1198
209
5308
1154
6121
5505
9012
9037
8797
4081
8879
5111
4999
5926
3299
3750
7420
6614
3612
4562
9220
6934
4540
9460
9408
4145
6526
7670
864
4548
694
763
3864
9538
5364
8479
4915
3993
2489
4956
323
4349
5450
2342
5364
5363
4047
5679
2917
4673
1048
7746
1198
1923
624
491
4037
5529
3426
3506
6767
4633
6718
9144
7986
8436
1133
5133
1804
3663
748
6718
6876
3761
3126
6602
255
917
4474
1725
1084
4387
4428
3278
4028
4262
4674
7861
8408
6013
7409
3808
376
4827
7765
538
8968
3020
8902
3160
1777
2236
8032
1224
5622
6508
4980
8039
6834
5513
7691
8687
1044
5726
3291
4220
8946
3637
6873
3411
5862
5992
5421
2690
2306
3769
3746
5667
3666
5906
4127
1178
8723
4233
7663
7836
5942
8663
3754
5693
7313
3778
4714
2531
1482
2523
5090
9078
8990
1514
2957
7138
3739
8834
8101
865
3488
7976
7136
6784
3135
5088
7679
4829
1165
9248
4786
9416
2533
3755
5509
5051
5071
6043
574
4106
516
894
3135
7625
9583
6829
4633
8389
7951
4323
3578
2983
2190
4349
7903
3069
3176
6057
3109
2116
1890
8914
2183
221
2113
2046
7522
5152
3449
2438
6151
1154
5947
3450
7292
7358
7159
186
3179
1439
6003
3574
6678
8884
8406
9362
6393
3993
3472
9234
3977
3541
7416
3814
8669
4508
3580
97
7615
7642
3002
7776
4081
3603
6432
9537
7337
4038
7148
7961
1980
2669
1155
210
3357
8388
3076
9057
1406
7633
8737
9060
5532
3893
5941
8044
8144
4396
4877
8184
8546
8965
5691
4743
5628
9385
8890
4398
582
8396
1922
3788
2233
1155
7248
1204
6180
5321
4607
6189
581
1513
3320
8049
3949
6786
3903
4434
9437
7350
7436
5025
5264
4348
3084
6028
2208
7214
6524
2594
4104
141
7952
4185
7642
4146
4982
5949
4894
8200
7367
251
4003
1504
6996
2495
6776
8822
4973
2387
2156
4862
6906
3399
7388
989
7195
8000
5183
2151
3486
5938
5905
3322
9145
6127
4502
4367
4479
5093
9154
1125
3200
822
3860
5158
7579
8899
4827
1033
7385
1905
3113
7817
5878
5933
1350
6901
5309
7072
5415
5597
4343
5090
5044
2562
4537
1566
7673
2247
3630
3446
8631
4684
8434
9572
7366
5171
2256
6792
9051
8002
1175
7642
6352
5276
4877
2533
8367
576
3298
5273
1765
9612
1931
3839
4266
7440
4300
4123
4141
9406
8755
3948
1828
3254
176
3519
5132
5114
5786
604
318
9272
3177
4070
3175
4538
5512
3502
1057
1358
2117
6929
3548
4844
8836
6756
8854
9465
3482
6152
8220
8244
6351
9166
4376
6156
1346
2801
9316
4411
1768
1760
5684
8697
3506
3793
9474
9551
8968
9531
8884
9231
4393
9235
4294
8917
7887
8712
6839
4808
1415
1590
3773
7219
3642
6229
4654
9454
6896
2981
3342
4132
5089
466
4036
3146
4745
9425
4357
6504
5727
5029
5224
1199
6357
3954
2943
7844
5504
4584
3500
884
85
1197
4004
8874
8295
1403
2085
7188
7203
6107
4239
6792
3407
8481
7506
7978
7456
3853
4872
4302
4415
2940
7666
4592
925
3388
5683
3311
2862
3989
6014
6098
7691
6654
9538
9363
2213
1132
1009
2227
760
2977
934
5510
1342
1086
5543
9448
5450
9036
3551
8790
3949
4605
3054
3525
8046
6782
7586
3860
8180
5286
5035
7644
3633
7094
9516
6035
3011
2415
206
4104
772
9563
7189
9586
157
9557
4612
1132
6137
2162
6159
4047
8580
8807
4036
538
166
9097
4846
1178
938
8290
1540
3691
1152
2628
6589
8962
5174
4726
8457
3554
4501
7140
2270
384
5071
8328
7362
6212
4300
2399
2868
1435
3094
7060
956
629
1873
9189
7964
2456
6543
5662
2933
4915
6015
6797
4957
7953
96
3268
755
862
4588
3163
4474
1825
1132
1134
210
5543
4276
1622
6666
746
8849
1104
5497
9145
8907
8132
870
4590
4222
2451
3440
8587
3965
7417
3792
1823
3086
9538
8755
5461
4322
8988
8969
5006
1356
2342
3360
8304
4633
8479
1691
1416
493
165
3041
5025
1155
1882
6655
2211
2221
2331
4048
260
549
446
7294
4689
4101
5811
1793
5671
5465
3780
8941
3898
7820
5904
3444
4428
4942
103
6010
7842
4579
3057
967
947
5811
867
3157
7644
228
6373
1128
6387
1302
1635
5093
3802
3213
4675
4680
4914
6875
5278
3411
7679
6675
6649
6399
5969
3226
7736
359
3278
3840
6732
8835
7819
1887
77
3948
8944
1960
4145
4185
6707
968
602
1154
1860
6852
3596
3414
8692
5791
4451
3021
2692
7568
3859
9460
4437
5236
4390
8989
9198
6183
4854
4012
7872
5287
4335
3177
8022
1818
2785
4510
8250
7924
208
1241
5111
9145
4049
8391
3456
5516
7106
2700
823
2748
2045
3572
934
5090
3539
4544
908
5700
7664
711
2672
6034
5827
2971
8443
6777
9497
4341
8091
7332
4322
130
7405
3057
3848
2844
714
1310
1140
4978
7968
5361
7955
5662
9530
7903
3814
2068
4628
5480
5177
5386
6505
7583
5929
7608
6680
1799
1376
2
2984
7763
1790
7763
3299
8917
4430
6309
3515
7357
9361
5513
3611
694
5955
9176
7507
4799
4260
3413
5286
3219
1651
6522
7075
1936
5720
7147
1881
5475
3527
8000
9010
1638
4676
3542
6016
3158
6876
4681
2568
7792
4035
5922
3102
1134
2209
5031
2123
7138
7866
3441
4465
4698
5050
4811
6745
4765
164
1178
54
7976
5539
2431
5485
6502
6520
9264
9116
2841
3287
4450
385
5389
3999
7053
9207
5598
229
548
4252
9211
9270
9475
8328
3606
4813
4316
9234
9339
3532
3053
9002
2694
8479
6098
5130
6857
6280
5089
760
8277
5271
8829
4038
6610
1131
998
8272
8199
9428
1542
3366
4744
5352
6035
9074
5157
5243
1261
3462
4401
9491
1530
2192
3196
2122
7832
550
4195
4107
8531
4826
187
3380
5263
383
1492
7
3856
7454
731
8516
5666
296
1197
7647
9099
469
5662
4657
1020
801
6897
7867
9336
7913
4324
8946
4321
5561
4324
5461
7114
4854
3249
8033
4126
1875
5288
6131
9610
6254
7653
7200
4480
5238
6326
8570
3063
3124
5112
5238
4773
8499
8821
3685
6092
649
8308
4609
8986
4760
9383
8576
3832
8345
7311
8279
8516
4097
6081
538
611
5090
9480
4907
2893
4963
5177
6608
4423
3907
3753
5927
4379
3161
3999
1415
3515
209
5311
1900
1834
3180
9188
4392
6504
8589
9442
5576
8017
6896
1113
3545
4296
9260
4190
1606
4094
8738
7843
3263
5752
8990
9014
2462
5175
8562
8777
8043
5168
8037
4269
8692
7495
3648
209
7353
3354
1850
4831
7955
1177
4502
8789
2253
7651
8434
2260
6151
6953
6871
916
849
7671
5160
6544
3046
6035
188
185
8088
3243
5221
8154
7485
5614
8698
1175
8071
3099
1885
2445
5685
8856
3787
9203
3307
3324
3414
7386
6927
8411
3798
4914
9622
4959
4955
5006
2641
6780
1370
9548
1558
8801
6565
593
2210
1624
8412
4845
1178
2211
5374
9386
3751
8308
6612
6676
7310
7990
8633
6791
8743
1272
3959
7977
5455
8773
2929
6356
7668
4007
1312
3739
208
4279
5723
5666
4997
5642
8053
8697
1909
7684
8712
1323
717
4721
9167
9085
4236
6891
8325
8300
5352
6342
5089
7732
3843
2039
7408
8962
7889
3727
3427
9188
7208
4018
1201
4345
9072
9091
8143
2614
3431
7368
1154
6433
8942
5905
40
1092
3837
4543
9221
6120
2885
9003
5087
1708
4861
6799
1974
935
1011
8514
1527
9497
7182
5970
8047
8762
8368
7461
3849
7062
4501
2979
3459
9014
7137
2776
6016
5266
7642
845
9557
4043
5486
640
8713
8480
8634
6545
8992
8974
8923
3049
1397
7697
186
9450
8430
4830
1134
325
3321
4240
2389
1154
977
4519
4389
9169
4455
2918
7985
7397
1331
1841
8889
2410
847
6700
6683
5683
4789
3529
4696
7280
3735
7010
8989
7049
6036
2786
6101
6034
5862
4934
9231
4998
1378
3128
7629
2210
5913
8120
1983
7008
1932
9079
3210
1177
8374
9450
4329
12
800
33
4915
937
9406
6881
3241
6194
7686
7644
6093
8503
9539
2187
4383
4427
6004
3631
4562
5513
7118
8018
7977
65
7866
970
3044
7474
4297
8005
638
1921
3955
4980
8838
1372
773
187
1177
3788
518
9365
6911
9324
4781
771
4824
1836
1863
6034
1868
9479
6775
4381
4407
8836
7797
5426
2968
4402
3009
3500
6113
5055
563
4126
8947
3857
6043
6655
4521
8833
8920
8712
3205
3091
1566
7633
9191
6658
8569
5021
6499
5133
5365
2710
4366
491
4431
9189
9126
1132
163
7070
2114
5622
9552
1896
3819
6716
7660
5692
9560
3755
3496
5270
3332
4346
4415
9273
4452
4472
166
1129
4836
1154
209
3427
513
1000
7987
5011
2107
2747
5508
3421
8514
8808
5903
7341
8873
7282
1812
439
6416
3868
6328
5926
4954
4587
8961
1713
1821
9145
7643
8873
7380
7293
7272
3687
4878
8834
1742
6281
7438
1290
6020
2190
8900
3529
1508
4154
9072
4214
5089
9452
7556
7317
7249
3343
5194
1762
6685
8177
3340
1300
3064
6757
4350
302
1179
3378
2452
5336
2123
4056
3884
7756
2935
7977
3948
5293
262
3607
6859
5030
8612
2594
8412
7962
7203
4040
7291
3843
8690
4296
4964
8745
8579
6827
3457
9583
7941
9131
7940
1154
5685
1826
5695
1702
6083
3223
208
2245
3450
3709
5484
7386
5364
8609
496
7052
4833
9012
9118
6049
4503
3032
7601
7560
3309
3642
5022
6015
2366
6587
3638
8182
7047
3784
7034
6897
5281
6985
5309
9388
8749
4634
1636
4611
166
1156
4863
4786
2762
6348
4040
3600
3393
6035
8918
7
5533
213
3790
3397
4844
2300
7249
2930
7243
2532
8432
2923
3917
4038
4833
4359
6630
8046
4148
2131
9474
1307
4056
1595
8988
845
8046
7632
2846
7151
6482
9058
4520
8135
9450
5136
3360
3321
9222
6506
5499
8722
4441
5578
4548
4414
7384
4344
2540
3203
3508
7977
9363
9233
1504
3111
3538
9123
5205
6035
9274
4653
4440
2948
8030
3344
5663
9578
3721
582
851
5388
4761
4474
4227
9017
9014
5697
7867
7887
7135
3435
1966
6778
6658
4425
9128
2036
948
7645
6718
7622
7433
4243
2915
4852
7168
7157
4340
4035
4037
8212
5131
7019
5021
1396
1577
2189
2102
3993
8608
3935
3556
980
1372
609
5933
2232
648
7986
1329
117
1344
4502
8859
4744
4007
6647
5849
5726
8713
260
9037
8967
5860
4105
8520
4960
4396
7311
3993
7839
547
2722
950
6769
1027
3644
6718
5534
5029
4956
4106
1997
7007
9364
4654
8123
884
822
4295
7176
2651
3155
2875
8905
2942
6797
6872
5567
4649
3447
8154
1500
607
8480
5899
4135
5067
6467
2955
8094
2875
3029
3276
7077
9235
8898
3584
7645
4581
7661
3268
886
1859
551
2511
2098
3568
8659
4941
5183
7687
3598
6035
77
8856
9538
5671
1772
3523
4790
2535
211
3406
4407
6523
7798
3931
5512
9384
202
3420
4436
1406
5484
6856
3542
3040
7663
3831
8895
672
3161
8884
3759
1946
6561
5447
6017
1109
8047
1199
165
3739
7954
9295
4918
3002
952
7616
5811
2911
8580
368
2183
4161
2100
7282
7537
7539
2101
8517
187
1156
2854
182
4607
6872
103
3817
8878
975
3246
4197
4558
5
8135
4310
9157
4956
6432
3001
3861
996
9406
9434
2942
6479
5926
6461
4825
1112
780
2700
6875
8716
5506
4171
3818
4923
8712
5898
5052
5072
6066
7096
2299
4076
3710
7233
9121
4389
3591
5088
6201
6130
6270
4162
5287
8982
7843
3600
7624
3299
2120
349
9013
4920
3987
4242
6826
7504
3869
4392
7149
4593
4629
1378
2210
390
4254
3180
6037
2785
8982
6961
8967
4146
2407
7241
3243
7006
4109
5685
9295
2304
3511
4534
6738
4164
425
3881
7666
1495
8272
3926
4983
3840
2234
3379
2851
3412
44
3765
4673
3942
8437
6034
6015
1494
2816
7904
9145
7974
7953
7892
8021
4872
3265
6949
5041
3651
8123
7796
8912
4457
4525
2245
7485
4599
4720
4401
6547
957
22
287
1132
4828
7004
9009
7496
5532
7471
626
8277
914
4362
4690
1905
867
8199
3156
2277
3982
2936
4025
9121
4125
6158
1320
4573
3538
4789
9157
1023
8968
9365
3434
8442
5289
240
9453
2151
9062
156
7193
6995
55
4860
1374
2342
2190
4406
5648
567
3396
2408
2232
1197
206
810
1197
6098
3841
4607
8606
4124
7974
8920
9124
8457
957
2510
1132
4389
5401
5951
216
103
5069
7405
7751
164
4192
4892
7104
6355
5243
4867
6816
4847
1110
6655
9255
3948
3031
3179
2687
1633
7573
4823
8506
1046
5138
1790
3201
5089
5116
1327
9386
8990
8308
648
8755
7341
1924
5944
8756
6378
8000
625
209
3334
55
2606
2474
539
1982
8088
9099
991
5166
1855
3730
1323
7469
4392
3114
795
4752
5152
314
6896
7539
8267
2959
268
2816
8631
48
9503
3752
4402
5029
7633
3633
9220
9404
9225
8369
4365
5574
9210
4113
5265
3121
7447
705
1719
9011
8969
8969
1679
864
6791
3990
1413
506
5365
9451
8367
6565
3514
1584
5583
5425
7978
3735
3978
7076
7375
2434
6454
3409
4743
3405
9234
9050
2810
5119
697
7866
3158
2685
3860
5273
5204
1310
9011
5131
7786
6077
6679
7114
845
840
6651
3819
4877
871
1188
7202
2117
5026
3486
4917
7285
573
3703
4696
9317
6410
8961
8339
737
4389
5385
5006
5926
9164
5930
2079
4567
9157
1624
7567
1506
968
4786
1882
3780
4677
4348
5235
824
6250
230
1232
237
1175
231
5353
2606
3508
4861
6226
3668
670
9539
4331
4736
4650
5380
5028
3299
1608
7116
7171
1198
224
211
3687
6548
3731
5717
4712
5809
6645
6797
6823
2924
7095
4092
5593
7911
8039
9226
8130
8482
4525
6015
6658
5494
4595
7896
3508
5729
6210
5069
8986
6874
6878
5946
7797
1983
7821
9079
52
4301
9451
7888
6773
3802
6676
1046
2017
1935
4655
2347
7631
3787
7955
8942
4501
4148
7032
5090
2337
4667
7484
1816
2066
7616
8919
474
917
3073
8808
6439
4414
3132
6385
5486
3754
3440
5685
845
3630
5220
9530
3798
3746
8416
356
2232
6853
7615
1350
1995
603
4406
3539
4430
9492
9530
2907
9383
9140
6525
3819
1928
5427
8759
3578
1480
7364
2535
6476
560
5383
7692
8878
8456
8071
6742
7862
5207
3993
9427
1664
5358
906
5460
8200
3787
254
7979
1132
2124
7508
8950
6499
7073
7025
5153
845
8827
9166
8030
4006
894
7967
8778
6782
4034
5369
4921
4955
4712
6933
2919
7981
9104
8502
5068
2297
5122
5183
16
1334
7665
7997
5906
4123
7844
2982
7765
3155
2410
7090
2138
4561
6830
5992
4412
47
392
4826
5177
7565
4588
6861
4474
7609
5789
6813
9593
9595
2485
3542
8990
1354
2232
4300
5510
4047
782
3222
4237
3374
7641
1739
5321
8210
5049
5173
4851
6108
8098
5120
1155
165
208
4346
4348
3279
5809
8914
8923
7422
1728
8435
2657
2675
4105
5309
8524
5726
5661
1929
5348
1198
189
3840
412
5996
8919
4357
563
1539
8640
4357
7939
3412
3483
5166
3419
6948
6396
6370
5619
5068
9036
9056
7799
9480
4607
3990
3781
9207
5377
8301
1904
9271
7293
7248
7230
1155
4785
3417
3752
3764
5404
5704
94
4569
1346
4428
2298
8145
8893
5398
5904
8016
205
9474
4595
5610
3278
6965
9588
7309
3815
5710
6343
8264
7188
8241
8018
8328
5109
5198
7003
6960
7542
5488
8087
122
1011
1338
1805
9164
3421
244
4406
6940
6910
656
4302
885
9295
1630
7426
7624
2978
100
8573
5004
8833
8117
8516
4744
7130
8712
65
3838
5685
5638
4524
8790
6334
3629
1817
7031
8587
1022
3919
1332
7977
8019
8046
2908
3488
7495
949
2892
6777
6400
9246
9059
5955
8919
4592
1978
3648
1925
6928
3108
9608
5067
5172
6213
3158
504
9211
2234
5
1904
1374
7844
1998
2636
4195
9443
2684
2308
5574
2213
7109
4320
9363
5498
8230
1662
8252
9017
2256
4133
9171
1504
2821
6861
4958
4010
6428
2904
4654
2642
774
1111
7677
6565
3993
7488
7304
964
4157
187
1378
1132
2409
6786
8611
3926
8890
4167
1465
2978
1529
5089
3776
5643
4415
4412
7633
5670
3808
5650
7644
6856
4645
6778
3446
8923
2540
8368
5377
626
2623
538
186
4368
3506
7866
1152
8903
7298
9050
4861
8044
3938
1867
2927
7027
5087
3202
6058
374
7356
3575
3508
689
3062
8944
5932
6040
7869
6042
4389
6778
9166
9288
4835
3543
7274
4610
5484
6782
3853
8712
3759
3780
6369
5145
3453
2574
7427
6674
6035
2806
4495
1841
7877
3511
5928
5287
3732
8712
6838
2962
4811
1970
4014
9386
672
9612
2627
3487
1134
4375
2959
2795
7694
5827
7661
976
6827
1507
3896
8032
4495
5171
750
368
9559
1807
9547
4592
224
5981
7960
1194
1358
5071
5265
6453
3153
1882
8583
4651
7968
4762
4724
4392
3800
6035
8196
4321
4319
4538
5069
3548
3814
1902
7729
1326
8018
4535
7978
9157
9263
9247
4787
865
4917
176
1198
163
5113
6468
1918
1569
3243
9123
3414
7866
6916
5199
5114
755
5044
8837
9475
4891
4034
4778
8151
5486
3054
6477
5175
5246
4368
5662
3753
3651
6078
9539
166
8834
5312
5082
3820
2020
6034
7320
6220
1512
1484
231
4985
8064
7977
4347
3621
115
2008
5466
1177
7508
37
5933
4018
1923
966
5662
3583
2061
6406
4893
4035
3929
5948
5973
6009
6566
6677
5542
6333
7953
7149
4790
3593
2166
5598
5093
5917
4442
8227
5067
8126
9058
3815
3500
4451
9663
6063
7898
7333
757
773
4071
7463
5527
8198
3568
9337
9316
8047
3488
5152
4381
7668
9643
3611
4393
2286
2941
4158
7176
8740
4774
4261
7843
668
6547
9167
4705
6095
9348
8686
9257
9229
4699
5342
6098
5088
3772
5065
6058
5112
2570
8367
4547
5928
2999
4584
6956
216
4748
3809
2568
1401
4883
1771
4855
8990
9030
8880
8109
3983
4726
7007
8790
2772
6822
7842
4018
2929
6695
8571
5088
3002
8857
3277
7990
9452
3947
9123
4373
8483
607
6501
956
6906
5749
5510
9380
2758
3366
8141
6812
5904
4191
1174
8499
3069
5177
8836
8992
1039
4069
1601
2680
625
491
1373
2363
6777
2923
2026
9472
6683
0
4051
1326
8313
209
3019
870
7586
1589
7496
4753
8506
3750
3156
4392
6928
8725
3811
8895
9145
8828
8415
8739
4983
5286
2099
2667
3414
1863
4368
9386
9184
9456
7951
3529
7926
367
126
5616
4828
5662
7561
3074
6071
236
5205
3368
8389
7464
3286
4451
5184
3008
3892
3794
127
249
6036
6238
2075
8856
4786
9360
3178
8584
6086
9137
9097
6897
6394
8000
8309
9085
8621
5711
6542
5530
809
1393
2319
1317
4980
7409
3067
9080
9029
3532
6190
6070
3179
2979
2210
9219
6650
9252
5400
2607
4040
494
5199
5159
4965
6827
6168
7052
3998
4370
4832
9428
715
2694
3002
5929
3713
8504
4231
890
1938
5910
2753
7363
9160
2752
6461
8487
7954
3463
4458
7530
741
788
1214
1374
3132
1361
5111
7994
9078
3198
9245
459
5428
9405
8967
6149
6016
4605
6276
6983
2384
6352
5534
1269
7248
7359
1097
3639
2856
4476
3426
1378
6945
2231
6874
1913
606
1855
5526
7612
4840
5129
7642
4123
4364
4655
5506
3737
5265
7517
3230
1811
7691
6033
2541
3444
6223
3322
5134
3311
4660
5071
4387
4042
9172
4587
1174
4763
1853
782
2049
8570
3985
4388
2086
5226
9222
3642
5545
4605
6830
6874
6787
3434
4437
4457
8374
9628
2718
8534
1465
2480
5505
2251
8044
2978
3687
1321
6204
230
9231
5221
1133
1925
1223
4379
9243
1076
3654
1944
1451
9010
9037
8110
2215
3401
4349
2087
1117
1003
5640
3803
6596
7628
6501
8751
2653
9107
564
7282
3064
1607
3435
4724
3352
2163
6869
2068
1154
5049
4307
4125
2821
9556
6982
4915
72
4937
4914
6842
8757
6655
231
3947
6035
4242
8136
1927
5966
1197
4697
5904
5726
6775
1299
3852
8712
7996
7167
1393
7070
6325
5290
3509
492
6996
2455
5486
5308
7944
6367
8968
3422
8047
6478
3708
8479
7977
6828
2548
6500
1928
3405
1873
6040
5811
2004
6778
9429
9426
3493
778
2691
5386
3178
8721
1844
6014
650
4121
2231
6783
8767
3220
7026
8834
4946
6679
7061
3858
4982
9295
3179
1567
604
5383
5381
7426
6828
2918
4362
4069
7447
6011
3816
818
7331
1314
2678
5152
6980
1469
345
1375
4060
1361
2230
286
3016
7914
7890
7326
6077
6143
4262
5324
6516
5614
4048
218
4651
4634
7358
1864
3500
8076
935
7560
804
7624
2564
3397
5725
9475
5051
4785
1221
912
4637
2322
3323
5793
7140
7337
1353
8968
7113
5096
1142
673
7003
5133
5152
2064
6392
3596
3428
5172
2279
2893
2899
7654
8888
3773
1526
3823
534
9244
551
1916
3990
4501
5526
9269
2232
6142
6226
7957
6522
7665
5638
1352
385
1255
1168
7091
7051
7846
3042
8156
6873
6919
3926
4390
4856
836
2100
1829
3424
3496
7050
3335
5683
3953
4775
5614
4695
4847
7882
5945
1138
538
2489
9454
4385
3178
3079
4597
6355
9154
8712
9166
2123
6897
6874
2146
230
1372
9600
6878
7261
9144
8499
8612
1545
4963
4056
3155
8906
8991
6839
3414
5199
5069
7683
7663
3150
4831
7599
625
2767
4436
1713
4583
2057
4365
7504
3801
4086
5175
7445
3240
5005
1400
209
6650
5784
2451
3054
4978
3099
1617
6960
448
212
4102
3329
6658
4703
9610
6365
6252
6278
7736
1814
6594
3718
7989
1175
2510
9551
7152
5928
8854
5969
9551
9335
9535
2211
4387
3420
4227
4049
5531
2953
2534
1322
8441
3458
6963
6112
5008
7050
3051
8823
8039
4610
2802
3546
9206
8972
983
7282
761
2914
1733
3323
1334
2238
8895
5824
8894
5002
4103
8588
7645
1230
2103
9435
4436
7977
3171
4363
6013
6779
164
8516
7367
6765
8087
8889
8043
7332
4801
3117
6984
8729
5090
5489
5469
7745
3817
8589
8918
6544
5645
8481
5699
5347
7909
3490
2822
9247
1679
4589
8697
7867
9186
7761
4321
4406
4334
4359
5141
4146
153
5844
4684
7363
4427
6411
4457
4525
3463
9406
5153
931
8374
9517
6373
3761
4286
5575
186
9274
4232
8571
3358
8251
5479
7245
6316
1921
6807
6802
6021
2269
8988
9123
9119
2907
3223
6036
3069
5950
729
5663
1720
1652
5192
1155
169
3045
6438
5049
7385
7248
3814
8220
3196
747
4000
8881
9058
3044
209
4283
6553
2079
7650
9446
8895
4983
9612
7117
9319
9287
5635
9150
2710
7387
7338
1594
7382
4272
5183
5488
5672
5582
2533
6340
7530
2334
1835
8889
8849
8600
6779
5904
6387
5041
8687
4467
3429
4220
4280
1950
4148
5119
4174
4370
4374
7956
3865
2028
7475
6525
2281
6966
4060
8292
7823
2915
11
5229
4713
4649
3813
5392
4451
4343
9072
8936
7648
8749
6904
4917
8836
5113
1893
592
3293
3718
8968
3495
7620
7137
4655
4184
1219
6855
3002
2635
6786
4744
626
5404
75
3032
2688
6789
187
3356
8920
7249
4783
3528
9558
1724
5037
7967
8119
5242
3852
7761
5421
7655
6035
9385
8169
3869
6614
7325
5259
1062
2078
8688
7964
9012
7980
3399
3750
605
2830
6873
6840
4348
7528
7048
3521
9001
3939
9277
9025
2793
3265
9403
3746
8419
1134
7248
1131
4378
715
6140
8884
6006
6861
3344
4761
9122
5507
3407
1006
5386
9057
3722
7765
4811
801
1922
3159
773
5132
5155
4914
1132
187
5445
8565
7643
1383
4390
4415
5560
7422
4720
7379
209
4126
7604
3447
771
4003
6499
8430
9264
4786
3979
5928
5825
8835
7877
9362
3073
7669
3977
8471
8756
4930
3595
7409
1198
189
9010
3094
8946
7909
8304
7743
5903
6732
2432
7352
2240
6432
1290
4611
3064
3339
3554
208
256
516
8779
7446
7335
7291
8333
9317
5377
8374
4784
6015
3373
7486
6877
6842
2151
8721
5562
8917
5594
2563
8258
1907
6035
2918
2548
1323
4855
7128
3926
5662
3781
8455
6028
7999
9159
3600
4838
1255
6928
242
16
95
205
7517
1177
4631
1154
2385
3219
1508
5929
5070
7867
6481
4572
8119
6908
326
6015
4069
2982
3743
3602
805
4478
923
7675
7668
1374
7031
3744
4566
9411
6786
8481
959
8091
2164
6874
2100
5726
4854
850
3002
5461
3512
2050
8732
2535
5067
3357
3459
6833
2099
5693
7524
3096
7763
3985
9364
8339
6366
5242
7245
4039
647
5022
6877
4146
9585
2540
8950
1638
9538
9553
3532
949
2962
1888
726
2645
2002
4716
2829
6079
7009
4236
4236
3735
3753
9221
4760
793
164
628
3049
8942
5488
823
3546
9406
5535
6502
6036
3616
8961
4183
4009
4170
5093
5082
4866
9414
6181
8697
9676
4451
3086
4126
9036
7990
6873
4496
7838
7353
5861
2027
6778
2499
4392
7094
407
4591
3616
3542
6896
764
1154
630
9100
5199
8438
166
4280
5451
345
2298
2367
8713
9136
3344
3485
4627
2255
8071
8480
8045
9361
3709
4414
6482
2000
2217
3456
8250
7507
8968
5533
3615
9228
8886
8328
1544
3924
7415
4831
7633
8561
8539
7642
7634
7683
7505
9541
9165
5613
8388
3879
7977
1223
1000
6101
2100
5090
5174
2957
4698
3255
915
5614
8153
536
5506
3965
3992
5561
1497
4302
5204
9030
1177
2209
3286
2583
7075
8177
2996
1523
6546
7309
8088
289
8023
1715
3808
3851
7575
3368
4841
9037
5486
1062
6767
3003
4146
4227
5182
3435
6565
8509
4498
5111
7447
7866
1397
3070
4950
5927
5930
7843
3045
1110
1857
186
4832
1510
2100
7900
1639
7051
2559
6899
3611
3860
6559
4359
849
525
3734
3916
1749
3032
4436
6226
9093
3778
4400
4388
4061
970
9535
9559
6561
7666
7870
8430
1350
186
50
211
3357
1865
8345
4651
3979
8435
4781
2519
1683
4347
538
6035
2350
4846
2236
1407
2152
9405
3436
3633
3702
4390
5599
4113
3052
8021
6863
3153
6058
5507
7463
4741
3002
9070
7015
7447
6036
5507
6509
830
6596
6684
5386
9222
9234
5670
8133
5286
3843
4301
6574
8021
4480
3246
361
9252
8071
5925
9040
1197
3345
6900
208
4104
6010
4286
4307
6310
4883
4115
4861
7196
7215
7138
8433
26
2126
4294
3300
7954
9583
3021
9589
3560
909
1490
7474
5343
7025
606
8527
8896
7865
3427
5116
8789
2874
275
1111
2840
6357
4013
2479
7679
6654
2447
9304
8272
4206
4502
4806
9012
7386
1812
1821
3096
953
1377
3145
3579
3235
7183
9012
1415
4545
9338
7153
6452
3778
6015
716
9451
3105
3536
1507
2406
8173
8043
1200
7667
7899
583
4696
8457
4407
7272
4321
4295
4312
5071
5130
4341
4146
4862
9232
4048
806
8558
9166
9402
4828
5809
9145
6656
2938
8182
2213
5883
7974
7050
8829
698
7127
6
9242
5028
1350
1082
1803
5171
1646
6650
1324
3515
1355
5319
6199
5382
6287
318
9501
7748
5588
5088
1174
5462
5505
4452
6929
5927
1526
2618
626
8712
6860
4854
7105
3064
3977
8835
8855
2030
2088
2840
4319
2957
2545
141
3480
691
6013
7979
2269
4307
6006
2907
8098
5076
6147
4909
4942
8457
5071
5175
9086
184
3243
4119
3414
1630
3358
1133
7507
4686
4642
4630
4636
4833
3926
5115
6617
5202
9232
5219
1132
6853
8055
187
4123
548
9539
3104
9591
5089
3336
9121
5662
4786
4431
3240
187
4481
4217
9096
4395
1156
4106
8939
5021
2077
7866
2699
7344
9007
978
83
1419
8918
8017
5793
7380
7270
6323
8982
7867
1853
821
882
9104
4381
5175
2691
3413
6297
6274
4362
5310
7072
5926
403
6167
2234
7380
4149
5484
8920
8622
1132
6003
2863
7937
5911
6295
8967
3334
3181
188
4126
5315
3858
8675
4368
4651
3978
7927
5928
5931
804
2979
97
4103
4525
4391
3513
4309
6745
6949
9012
9140
7859
3204
6330
1352
9123
5249
7561
8659
7018
3621
7663
5114
9485
4209
4465
7463
6822
4644
1000
3312
360
3359
6524
8610
6791
6706
9556
8079
7684
4392
9219
1157
3918
4979
1899
7658
6058
5862
1348
7965
4035
4796
3651
9362
650
3511
3995
8647
4496
6081
4981
9639
6608
8123
3506
3213
6037
3732
5933
506
1045
8962
9539
187
