-4064
4164
-4064
4164
-4200
4300
-4200
4300
-3940
4040
-3940
4040
-3343
3443
3443
-3343
-2857
2957
2957
-2857
2819
-2719
-2719
2819
-2805
2905
-2805
2905
-2789
2889
2889
-2789
-2840
2940
2940
-2840
-2989
3089
3089
-2989
-2517
2617
2617
-2517
2573
-2473
-2473
2573
-2852
2952
2952
-2852
-2580
2680
2680
-2580
-2368
2468
-2368
2468
-2516
2616
-2516
2616
2396
-2296
-2296
2396
-2458
2558
-2458
2558
2652
-2552
2652
-2552
-2227
2327
2327
-2227
-2097
2197
2197
-2097
-2338
2438
2438
-2338
-2455
2555
2555
-2455
2288
-2188
-2188
2288
2039
-1939
-1939
2039
-2175
2275
2275
-2175
-2001
2101
2101
-2001
-2403
2503
2503
-2403
2414
-2314
2414
-2314
2116
-2016
-2016
2116
-2321
2421
-2321
2421
-2003
2103
-2003
2103
-2423
2523
2523
-2423
2190
-2090
2190
-2090
2209
-2109
-2109
2209
2117
-2017
2117
-2017
-2334
2434
-2334
2434
-2211
2311
-2211
2311
-2010
2110
2110
-2010
-1767
1867
1867
-1767
-2246
2346
2346
-2246
2176
-2076
2176
-2076
-1904
2004
-1904
2004
-2025
2125
-2025
2125
1973
-1873
1973
-1873
1971
-1871
-1871
1971
-2137
2237
-2137
2237
-1900
2000
2000
-1900
-1843
1943
-1843
1943
1874
-1774
-1774
1874
-1734
1834
-1734
1834
2072
-1972
-1972
2072
1968
-1868
1968
-1868
-1723
1823
-1723
1823
2022
-1922
2022
-1922
-1937
2037
-1937
2037
-1876
1976
1976
-1876
-2175
2275
-2175
2275
2120
-2020
-2020
2120
-1863
1963
-1863
1963
-2122
2222
2222
-2122
2010
-1910
-1910
2010
-1993
2093
2093
-1993
-2031
2131
2131
-2031
1839
-1739
-1739
1839
-1746
1846
1846
-1746
-1961
2061
-1961
2061
-1867
1967
1967
-1867
2152
-2052
2152
-2052
-1741
1841
-1741
1841
2166
-2066
-2066
2166
-1904
2004
-1904
2004
-1824
1924
-1824
1924
-1890
1990
-1890
1990
2137
-2037
2137
-2037
2213
-2113
2213
-2113
-1780
1880
1880
-1780
1967
-1867
-1867
1967
-2408
2508
2508
-2408
1955
-1855
1955
-1855
-2013
2113
-2013
2113
-1799
1899
-1799
1899
1918
-1818
-1818
1918
-1858
1958
1958
-1858
-1761
1861
1861
-1761
-1988
2088
-1988
2088
1937
-1837
1937
-1837
-1905
2005
2005
-1905
1990
-1890
-1890
1990
-1787
1887
1887
-1787
2145
-2045
2145
-2045
-1828
1928
1928
-1828
1975
-1875
1975
-1875
-1786
1886
-1786
1886
-1843
1943
1943
-1843
2021
-1921
2021
-1921
1974
-1874
1974
-1874
1774
-1674
-1674
1774
1934
-1834
-1834
1934
2183
-2083
-2083
2183
1869
-1769
1869
-1769
-2220
2320
-2220
2320
-1675
1775
1775
-1675
1997
-1897
1997
-1897
-1812
1912
-1812
1912
-1947
2047
-1947
2047
-1823
1923
-1823
1923
2141
-2041
2141
-2041
-1914
2014
-1914
2014
1899
-1799
-1799
1899
-2003
2103
-2003
2103
-1752
1852
1852
-1752
2127
-2027
-2027
2127
-1782
1882
1882
-1782
1882
-1782
-1782
1882
-1659
1759
1759
-1659
2003
-1903
2003
-1903
1923
-1823
-1823
1923
-1988
2088
2088
-1988
-1819
1919
-1819
1919
-1682
1782
-1682
1782
2006
-1906
-1906
2006
1968
-1868
1968
-1868
-1756
1856
-1756
1856
-1811
1911
-1811
1911
-1919
2019
2019
-1919
-1681
1781
1781
-1681
-1715
1815
-1715
1815
-1789
1889
1889
-1789
1934
-1834
-1834
1934
1751
-1651
-1651
1751
-1952
2052
-1952
2052
-1927
2027
2027
-1927
-1914
2014
2014
-1914
1965
-1865
-1865
1965
1935
-1835
1935
-1835
-1758
1858
-1758
1858
2017
-1917
-1917
2017
-1577
1677
1677
-1577
-2012
2112
2112
-2012
2007
-1907
2007
-1907
1961
-1861
-1861
1961
-1928
2028
-1928
2028
-1797
1897
-1797
1897
-1664
1764
1764
-1664
-1610
1710
-1610
1710
-1930
2030
2030
-1930
1931
-1831
-1831
1931
-1760
1860
1860
-1760
-1789
1889
1889
-1789
1810
-1710
1810
-1710
-1991
2091
2091
-1991
-1666
1766
-1666
1766
-1630
1730
-1630
1730
1901
-1801
1901
-1801
1884
-1784
-1784
1884
-1874
1974
-1874
1974
-1685
1785
1785
-1685
1836
-1736
1836
-1736
-1786
1886
-1786
1886
-1826
1926
1926
-1826
-1775
1875
1875
-1775
1974
-1874
1974
-1874
2155
-2055
-2055
2155
-1749
1849
-1749
1849
2003
-1903
2003
-1903
-1816
1916
-1816
1916
1965
-1865
1965
-1865
-1904
2004
2004
-1904
1974
-1874
1974
-1874
-2065
2165
-2065
2165
1906
-1806
1906
-1806
-1735
1835
-1735
1835
-1701
1801
1801
-1701
-1862
1962
1962
-1862
-1823
1923
1923
-1823
-1709
1809
-1709
1809
-1808
1908
-1808
1908
-1772
1872
1872
-1772
-1712
1812
1812
-1712
1959
-1859
1959
-1859
1780
-1680
-1680
1780
-1787
1887
1887
-1787
1836
-1736
-1736
1836
1830
-1730
1830
-1730
-1818
1918
-1818
1918
-1696
1796
1796
-1696
-1793
1893
-1793
1893
-1750
1850
-1750
1850
1755
-1655
1755
-1655
1994
-1894
-1894
1994
-1620
1720
1720
-1620
-1670
1770
-1670
1770
-1778
1878
-1778
1878
-1584
1684
-1584
1684
1916
-1816
-1816
1916
1730
-1630
1730
-1630
1821
-1721
-1721
1821
-1639
1739
1739
-1639
1686
-1586
1686
-1586
2276
-2176
2276
-2176
-1685
1785
-1685
1785
1829
-1729
-1729
1829
-1656
1756
-1656
1756
-1704
1804
1804
-1704
-1794
1894
1894
-1794
1653
-1553
-1553
1653
-1924
2024
2024
-1924
1743
-1643
-1643
1743
-1593
1693
-1593
1693
2065
-1965
-1965
2065
1796
-1696
-1696
1796
-1926
2026
2026
-1926
-1760
1860
-1760
1860
-1726
1826
1826
-1726
1759
-1659
-1659
1759
1923
-1823
-1823
1923
1996
-1896
1996
-1896
-1622
1722
1722
-1622
1831
-1731
1831
-1731
-1778
1878
1878
-1778
2047
-1947
-1947
2047
-2003
2103
2103
-2003
2073
-1973
2073
-1973
1824
-1724
1824
-1724
-1713
1813
1813
-1713
1749
-1649
-1649
1749
-1873
1973
1973
-1873
-1764
1864
1864
-1764
-1760
1860
-1760
1860
1950
-1850
-1850
1950
-2039
2139
2139
-2039
-1761
1861
-1761
1861
-1838
1938
1938
-1838
1913
-1813
-1813
1913
-1808
1908
1908
-1808
1981
-1881
-1881
1981
-1711
1811
-1711
1811
-1917
2017
-1917
2017
-1618
1718
1718
-1618
1787
-1687
1787
-1687
2119
-2019
2119
-2019
-1697
1797
-1697
1797
-1729
1829
-1729
1829
1815
-1715
-1715
1815
1784
-1684
-1684
1784
-1695
1795
1795
-1695
-1943
2043
-1943
2043
1976
-1876
1976
-1876
-1720
1820
1820
-1720
-1757
1857
-1757
1857
-1741
1841
1841
-1741
1961
-1861
1961
-1861
1895
-1795
-1795
1895
1888
-1788
-1788
1888
-1501
1601
-1501
1601
1814
-1714
-1714
1814
-1975
2075
2075
-1975
-1777
1877
1877
-1777
-1572
1672
-1572
1672
-1622
1722
-1622
1722
1807
-1707
1807
-1707
-1760
1860
-1760
1860
-1735
1835
-1735
1835
-1691
1791
1791
-1691
1893
-1793
-1793
1893
1839
-1739
1839
-1739
2100
-2000
-2000
2100
-1937
2037
-1937
2037
-1802
1902
-1802
1902
-1830
1930
1930
-1830
2073
-1973
-1973
2073
1858
-1758
-1758
1858
1779
-1679
1779
-1679
-1819
1919
-1819
1919
2055
-1955
2055
-1955
-1800
1900
1900
-1800
-1653
1753
1753
-1653
-1704
1804
-1704
1804
1890
-1790
-1790
1890
-1618
1718
-1618
1718
-1964
2064
2064
-1964
-1984
2084
2084
-1984
-1753
1853
1853
-1753
-1847
1947
-1847
1947
1821
-1721
-1721
1821
1680
-1580
1680
-1580
2002
-1902
-1902
2002
1861
-1761
1861
-1761
-1750
1850
-1750
1850
-1831
1931
1931
-1831
2063
-1963
2063
-1963
-1825
1925
-1825
1925
-1748
1848
-1748
1848
-1807
1907
-1807
1907
1970
-1870
-1870
1970
-1783
1883
-1783
1883
1514
-1414
-1414
1514
-1881
1981
1981
-1881
1881
-1781
-1781
1881
1865
-1765
1865
-1765
-1656
1756
1756
-1656
-1590
1690
-1590
1690
1951
-1851
-1851
1951
-1726
1826
1826
-1726
1946
-1846
1946
-1846
1964
-1864
1964
-1864
-1673
1773
1773
-1673
1806
-1706
-1706
1806
-1774
1874
-1774
1874
1830
-1730
1830
-1730
-1761
1861
-1761
1861
-1899
1999
1999
-1899
-1795
1895
-1795
1895
-1691
1791
-1691
1791
2086
-1986
-1986
2086
1858
-1758
-1758
1858
-1748
1848
-1748
1848
-1995
2095
-1995
2095
-1944
2044
2044
-1944
-1684
1784
1784
-1684
-1892
1992
-1892
1992
-1617
1717
-1617
1717
-2172
2272
2272
-2172
2013
-1913
-1913
2013
2136
-2036
-2036
2136
-1749
1849
1849
-1749
-1733
1833
-1733
1833
1872
-1772
-1772
1872
-1784
1884
-1784
1884
1797
-1697
-1697
1797
-1796
1896
-1796
1896
-1762
1862
1862
-1762
-1813
1913
-1813
1913
1960
-1860
1960
-1860
-1975
2075
-1975
2075
-1712
1812
-1712
1812
-1841
1941
1941
-1841
-1927
2027
2027
-1927
-1663
1763
1763
-1663
2140
-2040
-2040
2140
-1815
1915
1915
-1815
1958
-1858
1958
-1858
1752
-1652
1752
-1652
-1888
1988
1988
-1888
1753
-1653
1753
-1653
2022
-1922
-1922
2022
-1932
2032
-1932
2032
1768
-1668
1768
-1668
-1892
1992
1992
-1892
-1649
1749
1749
-1649
-1685
1785
-1685
1785
1825
-1725
-1725
1825
2259
-2159
-2159
2259
-1922
2022
2022
-1922
-1731
1831
1831
-1731
-1858
1958
-1858
1958
1981
-1881
-1881
1981
-1869
1969
-1869
1969
-1756
1856
1856
-1756
1965
-1865
-1865
1965
-1771
1871
-1771
1871
-1995
2095
2095
-1995
-1868
1968
1968
-1868
-1760
1860
1860
-1760
1861
-1761
1861
-1761
1846
-1746
-1746
1846
1862
-1762
1862
-1762
-1773
1873
-1773
1873
-1914
2014
2014
-1914
-1865
1965
-1865
1965
-1919
2019
-1919
2019
1839
-1739
1839
-1739
1968
-1868
1968
-1868
-1737
1837
1837
-1737
2002
-1902
-1902
2002
1908
-1808
1908
-1808
-1919
2019
2019
-1919
-1756
1856
-1756
1856
1972
-1872
1972
-1872
1984
-1884
1984
-1884
-1649
1749
-1649
1749
1995
-1895
-1895
1995
-2088
2188
2188
-2088
-2035
2135
2135
-2035
-2099
2199
2199
-2099
-1876
1976
-1876
1976
2022
-1922
2022
-1922
-1960
2060
2060
-1960
-1916
2016
-1916
2016
2148
-2048
-2048
2148
1810
-1710
1810
-1710
1922
-1822
-1822
1922
2019
-1919
2019
-1919
-2018
2118
2118
-2018
1875
-1775
-1775
1875
-1760
1860
1860
-1760
-1712
1812
-1712
1812
-1827
1927
-1827
1927
-2083
2183
2183
-2083
1936
-1836
-1836
1936
2027
-1927
2027
-1927
-1938
2038
2038
-1938
-1747
1847
1847
-1747
-2058
2158
2158
-2058
-1983
2083
2083
-1983
1856
-1756
-1756
1856
-1906
2006
-1906
2006
1748
-1648
-1648
1748
-1924
2024
2024
-1924
1812
-1712
1812
-1712
2021
-1921
-1921
2021
1700
-1600
-1600
1700
-1707
1807
1807
-1707
1953
-1853
-1853
1953
-1773
1873
1873
-1773
-1721
1821
-1721
1821
-1811
1911
-1811
1911
1952
-1852
1952
-1852
-1858
1958
1958
-1858
-1760
1860
-1760
1860
-1975
2075
-1975
2075
-1786
1886
-1786
1886
-1893
1993
-1893
1993
-1831
1931
1931
-1831
-1876
1976
1976
-1876
1795
-1695
-1695
1795
1770
-1670
-1670
1770
-1723
1823
1823
-1723
-1788
1888
1888
-1788
1978
-1878
1978
-1878
1903
-1803
1903
-1803
-1714
1814
-1714
1814
-1908
2008
2008
-1908
1838
-1738
1838
-1738
-1959
2059
2059
-1959
-1771
1871
-1771
1871
2116
-2016
-2016
2116
-1701
1801
1801
-1701
1820
-1720
-1720
1820
1869
-1769
-1769
1869
1891
-1791
1891
-1791
2092
-1992
2092
-1992
-1793
1893
1893
-1793
1970
-1870
-1870
1970
-1877
1977
-1877
1977
-1760
1860
1860
-1760
2113
-2013
2113
-2013
-1742
1842
-1742
1842
-1908
2008
2008
-1908
-1729
1829
-1729
1829
-1865
1965
-1865
1965
1799
-1699
1799
-1699
-1856
1956
-1856
1956
-1790
1890
1890
-1790
1883
-1783
1883
-1783
1995
-1895
-1895
1995
-1783
1883
-1783
1883
1949
-1849
-1849
1949
-1947
2047
2047
-1947
-1995
2095
-1995
2095
-1874
1974
1974
-1874
1980
-1880
1980
-1880
-1672
1772
-1672
1772
1909
-1809
1909
-1809
1851
-1751
1851
-1751
1874
-1774
1874
-1774
-1616
1716
1716
-1616
-1804
1904
1904
-1804
-1897
1997
-1897
1997
1853
-1753
-1753
1853
-1815
1915
1915
-1815
-1833
1933
1933
-1833
-1769
1869
-1769
1869
1795
-1695
-1695
1795
-1767
1867
-1767
1867
1969
-1869
1969
-1869
-1782
1882
1882
-1782
-1613
1713
1713
-1613
-2020
2120
-2020
2120
1856
-1756
-1756
1856
1889
-1789
1889
-1789
-1661
1761
-1661
1761
2042
-1942
-1942
2042
-2052
2152
2152
-2052
1744
-1644
-1644
1744
-1669
1769
-1669
1769
1944
-1844
1944
-1844
-1616
1716
1716
-1616
2097
-1997
2097
-1997
-1799
1899
-1799
1899
1770
-1670
-1670
1770
-1821
1921
-1821
1921
-1544
1644
1644
-1544
-2026
2126
2126
-2026
-1692
1792
-1692
1792
-1703
1803
1803
-1703
1986
-1886
-1886
1986
1897
-1797
-1797
1897
-1729
1829
1829
-1729
1894
-1794
1894
-1794
-1932
2032
-1932
2032
1861
-1761
1861
-1761
-2049
2149
2149
-2049
-1709
1809
-1709
1809
-1662
1762
-1662
1762
-1742
1842
-1742
1842
1874
-1774
1874
-1774
-1628
1728
1728
-1628
-1744
1844
1844
-1744
1778
-1678
-1678
1778
1905
-1805
1905
-1805
1798
-1698
1798
-1698
1934
-1834
-1834
1934
-2105
2205
2205
-2105
2089
-1989
2089
-1989
1970
-1870
-1870
1970
1858
-1758
-1758
1858
-2027
2127
2127
-2027
1896
-1796
-1796
1896
1915
-1815
-1815
1915
-2007
2107
2107
-2007
2082
-1982
-1982
2082
-1903
2003
2003
-1903
-1764
1864
-1764
1864
-1662
1762
1762
-1662
1901
-1801
-1801
1901
-1887
1987
1987
-1887
2066
-1966
2066
-1966
1674
-1574
-1574
1674
1822
-1722
-1722
1822
1857
-1757
1857
-1757
-1821
1921
1921
-1821
1806
-1706
-1706
1806
-1811
1911
-1811
1911
-1790
1890
-1790
1890
1859
-1759
1859
-1759
-1878
1978
1978
-1878
-1705
1805
-1705
1805
-1884
1984
1984
-1884
1895
-1795
1895
-1795
-1781
1881
1881
-1781
1817
-1717
-1717
1817
-1656
1756
-1656
1756
-1955
2055
2055
-1955
1696
-1596
-1596
1696
-1769
1869
1869
-1769
-1746
1846
-1746
1846
1742
-1642
1742
-1642
1789
-1689
-1689
1789
-1947
2047
2047
-1947
-1609
1709
-1609
1709
2024
-1924
-1924
2024
-1827
1927
-1827
1927
1823
-1723
1823
-1723
1731
-1631
-1631
1731
-1898
1998
-1898
1998
-1873
1973
-1873
1973
1774
-1674
-1674
1774
1967
-1867
-1867
1967
-1856
1956
1956
-1856
-2043
2143
2143
-2043
1845
-1745
-1745
1845
1668
-1568
1668
-1568
-1982
2082
-1982
2082
-1856
1956
1956
-1856
-1670
1770
1770
-1670
-1728
1828
-1728
1828
-1650
1750
1750
-1650
1904
-1804
-1804
1904
-1657
1757
1757
-1657
-1835
1935
1935
-1835
-1693
1793
-1693
1793
1956
-1856
1956
-1856
1929
-1829
-1829
1929
1612
-1512
-1512
1612
1852
-1752
1852
-1752
1875
-1775
1875
-1775
-1698
1798
1798
-1698
-1632
1732
1732
-1632
-1959
2059
2059
-1959
-1705
1805
1805
-1705
1817
-1717
-1717
1817
-1782
1882
1882
-1782
1774
-1674
1774
-1674
-1686
1786
-1686
1786
1745
-1645
-1645
1745
-1740
1840
1840
-1740
1942
-1842
1942
-1842
-1778
1878
-1778
1878
-1686
1786
1786
-1686
-1766
1866
1866
-1766
-1727
1827
-1727
1827
2076
-1976
2076
-1976
1870
-1770
1870
-1770
-1853
1953
1953
-1853
-1767
1867
-1767
1867
-1832
1932
1932
-1832
-1614
1714
1714
-1614
1916
-1816
1916
-1816
1978
-1878
1978
-1878
-1503
1603
1603
-1503
-1606
1706
-1606
1706
-1695
1795
-1695
1795
-1642
1742
1742
-1642
-1726
1826
-1726
1826
1974
-1874
-1874
1974
-1880
1980
1980
-1880
-1872
1972
1972
-1872
-1997
2097
2097
-1997
-1819
1919
1919
-1819
-1738
1838
-1738
1838
-1755
1855
1855
-1755
-1867
1967
-1867
1967
1896
-1796
1896
-1796
-1934
2034
-1934
2034
1907
-1807
-1807
1907
-1889
1989
-1889
1989
1830
-1730
-1730
1830
1772
-1672
1772
-1672
-1769
1869
1869
-1769
-1612
1712
1712
-1612
-1776
1876
-1776
1876
-1725
1825
-1725
1825
-1747
1847
-1747
1847
1947
-1847
1947
-1847
-1855
1955
1955
-1855
-1767
1867
1867
-1767
-1686
1786
-1686
1786
1825
-1725
-1725
1825
-1772
1872
1872
-1772
-1808
1908
-1808
1908
-1611
1711
1711
-1611
-1658
1758
-1658
1758
1908
-1808
-1808
1908
-1850
1950
-1850
1950
-1883
1983
-1883
1983
2018
-1918
-1918
2018
2043
-1943
2043
-1943
-1824
1924
1924
-1824
1966
-1866
1966
-1866
-1961
2061
-1961
2061
1873
-1773
-1773
1873
2098
-1998
2098
-1998
-1813
1913
-1813
1913
1719
-1619
-1619
1719
1869
-1769
-1769
1869
1899
-1799
1899
-1799
-1731
1831
1831
-1731
-1887
1987
-1887
1987
1751
-1651
-1651
1751
-1843
1943
1943
-1843
-1864
1964
1964
-1864
-2050
2150
-2050
2150
-1750
1850
-1750
1850
2009
-1909
2009
-1909
1932
-1832
-1832
1932
1812
-1712
-1712
1812
-1704
1804
1804
-1704
-1808
1908
-1808
1908
-1779
1879
1879
-1779
-1662
1762
1762
-1662
1847
-1747
-1747
1847
2094
-1994
2094
-1994
-1646
1746
-1646
1746
-1859
1959
1959
-1859
-1720
1820
-1720
1820
-1783
1883
-1783
1883
1799
-1699
-1699
1799
1804
-1704
-1704
1804
1822
-1722
1822
-1722
-1745
1845
-1745
1845
2097
-1997
2097
-1997
-1804
1904
1904
-1804
-1701
1801
1801
-1701
1789
-1689
1789
-1689
1955
-1855
-1855
1955
-1722
1822
1822
-1722
1752
-1652
-1652
1752
-1793
1893
1893
-1793
-1591
1691
-1591
1691
-1850
1950
1950
-1850
-1785
1885
1885
-1785
1873
-1773
1873
-1773
1995
-1895
-1895
1995
-1840
1940
-1840
1940
-1791
1891
1891
-1791
1773
-1673
1773
-1673
-1855
1955
1955
-1855
1787
-1687
1787
-1687
-1753
1853
1853
-1753
-1671
1771
1771
-1671
1892
-1792
-1792
1892
1890
-1790
-1790
1890
1940
-1840
-1840
1940
-1826
1926
-1826
1926
2069
-1969
-1969
2069
-1606
1706
-1606
1706
1892
-1792
-1792
1892
1953
-1853
1953
-1853
-1832
1932
1932
-1832
-1484
1584
-1484
1584
-1830
1930
1930
-1830
-1834
1934
1934
-1834
1993
-1893
-1893
1993
-1736
1836
-1736
1836
-1612
1712
-1612
1712
-1826
1926
1926
-1826
-1650
1750
-1650
1750
1781
-1681
1781
-1681
-1712
1812
-1712
1812
-1749
1849
1849
-1749
1869
-1769
-1769
1869
1787
-1687
-1687
1787
1895
-1795
1895
-1795
-1809
1909
-1809
1909
-1803
1903
-1803
1903
-1592
1692
1692
-1592
1901
-1801
-1801
1901
-1816
1916
-1816
1916
1749
-1649
-1649
1749
-1610
1710
1710
-1610
-1894
1994
-1894
1994
1904
-1804
1904
-1804
2038
-1938
-1938
2038
1742
-1642
-1642
1742
-1918
2018
-1918
2018
-2032
2132
-2032
2132
1818
-1718
-1718
1818
-1735
1835
-1735
1835
-1853
1953
1953
-1853
1883
-1783
-1783
1883
-1678
1778
1778
-1678
-1894
1994
-1894
1994
-1766
1866
-1766
1866
-1844
1944
1944
-1844
2010
-1910
-1910
2010
-1645
1745
-1645
1745
-1769
1869
-1769
1869
-1870
1970
-1870
1970
-1667
1767
1767
-1667
1865
-1765
1865
-1765
-1707
1807
-1707
1807
1713
-1613
1713
-1613
-1991
2091
2091
-1991
1907
-1807
-1807
1907
1914
-1814
-1814
1914
-1732
1832
1832
-1732
2125
-2025
2125
-2025
1786
-1686
-1686
1786
-1694
1794
-1694
1794
-1782
1882
1882
-1782
1818
-1718
-1718
1818
-1509
1609
1609
-1509
-1663
1763
-1663
1763
-1559
1659
1659
-1559
-1861
1961
1961
-1861
-1863
1963
1963
-1863
-1821
1921
-1821
1921
-1711
1811
1811
-1711
1875
-1775
1875
-1775
-1744
1844
-1744
1844
1826
-1726
1826
-1726
-1827
1927
-1827
1927
-1911
2011
2011
-1911
-1660
1760
1760
-1660
-1780
1880
-1780
1880
1773
-1673
-1673
1773
-1924
2024
2024
-1924
1806
-1706
-1706
1806
-1868
1968
1968
-1868
1779
-1679
-1679
1779
1823
-1723
-1723
1823
-1669
1769
-1669
1769
-1914
2014
-1914
2014
-1627
1727
-1627
1727
-1763
1863
-1763
1863
-1632
1732
-1632
1732
1926
-1826
1926
-1826
-1732
1832
1832
-1732
1705
-1605
1705
-1605
-1672
1772
1772
-1672
1719
-1619
1719
-1619
1836
-1736
-1736
1836
1709
-1609
-1609
1709
1950
-1850
-1850
1950
-1816
1916
1916
-1816
1889
-1789
-1789
1889
-1683
1783
-1683
1783
-1683
1783
-1683
1783
-1728
1828
1828
-1728
1939
-1839
-1839
1939
-1786
1886
1886
-1786
-1784
1884
1884
-1784
-1716
1816
-1716
1816
1910
-1810
1910
-1810
1823
-1723
-1723
1823
-1838
1938
1938
-1838
1782
-1682
1782
-1682
1859
-1759
-1759
1859
1894
-1794
-1794
1894
-1732
1832
1832
-1732
1953
-1853
1953
-1853
1954
-1854
1954
-1854
-1863
1963
1963
-1863
-1653
1753
1753
-1653
-1803
1903
1903
-1803
-1706
1806
1806
-1706
-1786
1886
-1786
1886
-1736
1836
-1736
1836
-1773
1873
-1773
1873
1795
-1695
-1695
1795
-1708
1808
1808
-1708
1706
-1606
1706
-1606
1998
-1898
-1898
1998
1992
-1892
-1892
1992
1862
-1762
-1762
1862
-1860
1960
-1860
1960
1869
-1769
1869
-1769
1959
-1859
1959
-1859
-1724
1824
1824
-1724
1721
-1621
1721
-1621
-1749
1849
1849
-1749
-1734
1834
-1734
1834
-1956
2056
2056
-1956
-1806
1906
-1806
1906
-1923
2023
-1923
2023
-1739
1839
1839
-1739
2016
-1916
-1916
2016
-1705
1805
-1705
1805
1953
-1853
1953
-1853
-1958
2058
-1958
2058
1843
-1743
-1743
1843
1894
-1794
-1794
1894
-1793
1893
-1793
1893
-1941
2041
2041
-1941
-1744
1844
-1744
1844
1873
-1773
1873
-1773
2005
-1905
-1905
2005
1869
-1769
-1769
1869
-1568
1668
1668
-1568
-1885
1985
1985
-1885
1945
-1845
1945
-1845
-1831
1931
-1831
1931
-1692
1792
1792
-1692
-1595
1695
1695
-1595
1876
-1776
-1776
1876
1697
-1597
1697
-1597
-1813
1913
-1813
1913
-1809
1909
1909
-1809
-1780
1880
-1780
1880
1941
-1841
-1841
1941
1840
-1740
-1740
1840
-1711
1811
1811
-1711
-1733
1833
-1733
1833
1920
-1820
1920
-1820
1995
-1895
1995
-1895
1987
-1887
1987
-1887
-1680
1780
-1680
1780
-1743
1843
1843
-1743
-1831
1931
-1831
1931
-1909
2009
-1909
2009
-1948
2048
-1948
2048
-1856
1956
-1856
1956
-1878
1978
-1878
1978
-1860
1960
-1860
1960
-1823
1923
1923
-1823
-1929
2029
2029
-1929
-1800
1900
1900
-1800
2006
-1906
2006
-1906
2077
-1977
-1977
2077
2003
-1903
-1903
2003
-1601
1701
-1601
1701
-1904
2004
2004
-1904
1938
-1838
1938
-1838
1632
-1532
-1532
1632
1920
-1820
1920
-1820
-1810
1910
1910
-1810
-1687
1787
1787
-1687
1772
-1672
1772
-1672
1861
-1761
1861
-1761
1821
-1721
-1721
1821
-1924
2024
-1924
2024
-1965
2065
2065
-1965
1991
-1891
-1891
1991
-1783
1883
1883
-1783
-1754
1854
1854
-1754
1962
-1862
1962
-1862
-1941
2041
-1941
2041
2104
-2004
-2004
2104
-1720
1820
-1720
1820
-1845
1945
-1845
1945
-2141
2241
2241
-2141
-1627
1727
-1627
1727
-1773
1873
-1773
1873
2003
-1903
2003
-1903
-1756
1856
1856
-1756
-1804
1904
1904
-1804
-1715
1815
-1715
1815
-1751
1851
-1751
1851
-1902
2002
2002
-1902
-1925
2025
2025
-1925
1762
-1662
-1662
1762
1992
-1892
-1892
1992
2076
-1976
-1976
2076
-1956
2056
2056
-1956
-1849
1949
1949
-1849
2027
-1927
2027
-1927
-1735
1835
-1735
1835
1932
-1832
1932
-1832
-1789
1889
-1789
1889
-1709
1809
-1709
1809
1838
-1738
-1738
1838
-1786
1886
1886
-1786
-1620
1720
-1620
1720
-1865
1965
-1865
1965
-1740
1840
-1740
1840
1945
-1845
-1845
1945
-1592
1692
1692
-1592
-1698
1798
-1698
1798
1881
-1781
1881
-1781
-1818
1918
1918
-1818
-1877
1977
-1877
1977
-1842
1942
-1842
1942
2128
-2028
-2028
2128
-1783
1883
-1783
1883
-1909
2009
-1909
2009
1617
-1517
1617
-1517
-1862
1962
1962
-1862
-1642
1742
1742
-1642
-1705
1805
-1705
1805
-2005
2105
2105
-2005
1838
-1738
-1738
1838
2076
-1976
-1976
2076
1927
-1827
1927
-1827
-1816
1916
1916
-1816
1891
-1791
1891
-1791
-1865
1965
1965
-1865
1792
-1692
1792
-1692
-1833
1933
-1833
1933
2226
-2126
-2126
2226
-1804
1904
1904
-1804
-1672
1772
1772
-1672
-1840
1940
-1840
1940
-1876
1976
-1876
1976
2280
-2180
2280
-2180
2080
-1980
2080
-1980
-1692
1792
1792
-1692
-1864
1964
-1864
1964
1647
-1547
1647
-1547
-1828
1928
-1828
1928
2012
-1912
-1912
2012
1904
-1804
1904
-1804
-1942
2042
-1942
2042
2060
-1960
-1960
2060
-1650
1750
1750
-1650
-1844
1944
1944
-1844
1941
-1841
-1841
1941
-1685
1785
-1685
1785
2078
-1978
-1978
2078
1801
-1701
1801
-1701
-1585
1685
1685
-1585
-1981
2081
2081
-1981
-1811
1911
1911
-1811
-1720
1820
-1720
1820
-1703
1803
1803
-1703
-1900
2000
-1900
2000
-1571
1671
1671
-1571
1814
-1714
1814
-1714
-1812
1912
-1812
1912
-1690
1790
-1690
1790
1886
-1786
1886
-1786
-1706
1806
-1706
1806
1863
-1763
1863
-1763
-1890
1990
1990
-1890
-1834
1934
-1834
1934
1785
-1685
-1685
1785
1762
-1662
-1662
1762
-1823
1923
1923
-1823
-1635
1735
-1635
1735
1791
-1691
-1691
1791
-1823
1923
1923
-1823
-1736
1836
-1736
1836
-1772
1872
-1772
1872
2061
-1961
2061
-1961
-1875
1975
-1875
1975
1959
-1859
1959
-1859
1915
-1815
1915
-1815
-1779
1879
-1779
1879
-1621
1721
-1621
1721
1746
-1646
-1646
1746
1890
-1790
1890
-1790
-1916
2016
-1916
2016
1996
-1896
1996
-1896
1786
-1686
1786
-1686
-1818
1918
-1818
1918
1648
-1548
1648
-1548
-1690
1790
-1690
1790
2029
-1929
2029
-1929
-1898
1998
-1898
1998
1935
-1835
1935
-1835
1923
-1823
1923
-1823
-1778
1878
1878
-1778
-1600
1700
-1600
1700
-1700
1800
-1700
1800
-1991
2091
2091
-1991
1759
-1659
1759
-1659
-1891
1991
-1891
1991
-1824
1924
-1824
1924
-1818
1918
-1818
1918
-1631
1731
-1631
1731
-1724
1824
1824
-1724
1669
-1569
1669
-1569
2046
-1946
2046
-1946
1746
-1646
1746
-1646
-1680
1780
-1680
1780
1901
-1801
1901
-1801
-2022
2122
-2022
2122
-1702
1802
1802
-1702
-1681
1781
1781
-1681
-1906
2006
2006
-1906
-2073
2173
-2073
2173
-1839
1939
-1839
1939
-1823
1923
1923
-1823
-2115
2215
2215
-2115
1773
-1673
-1673
1773
-1862
1962
1962
-1862
-1555
1655
-1555
1655
1835
-1735
-1735
1835
1978
-1878
-1878
1978
-1862
1962
-1862
1962
-1945
2045
2045
-1945
1987
-1887
1987
-1887
-1717
1817
-1717
1817
2074
-1974
-1974
2074
1955
-1855
-1855
1955
-1878
1978
1978
-1878
2075
-1975
-1975
2075
-1768
1868
1868
-1768
1780
-1680
-1680
1780
-1661
1761
1761
-1661
1959
-1859
1959
-1859
-1620
1720
1720
-1620
1847
-1747
-1747
1847
-1667
1767
-1667
1767
1791
-1691
-1691
1791
-1724
1824
-1724
1824
1797
-1697
1797
-1697
-1973
2073
2073
-1973
-1845
1945
-1845
1945
-1694
1794
-1694
1794
-1885
1985
-1885
1985
1872
-1772
1872
-1772
1909
-1809
-1809
1909
1799
-1699
-1699
1799
-1721
1821
-1721
1821
2132
-2032
-2032
2132
-1851
1951
1951
-1851
-1891
1991
1991
-1891
1941
-1841
1941
-1841
-1890
1990
1990
-1890
-1708
1808
1808
-1708
-1853
1953
-1853
1953
-1791
1891
1891
-1791
2024
-1924
2024
-1924
-1740
1840
1840
-1740
1893
-1793
-1793
1893
-1773
1873
1873
-1773
1857
-1757
1857
-1757
2011
-1911
-1911
2011
1848
-1748
-1748
1848
-2368
2468
2468
-2368
-1669
1769
-1669
1769
-1772
1872
1872
-1772
-1808
1908
1908
-1808
2037
-1937
2037
-1937
1726
-1626
-1626
1726
-1680
1780
-1680
1780
1816
-1716
1816
-1716
2000
-1900
-1900
2000
1834
-1734
-1734
1834
2148
-2048
-2048
2148
-1629
1729
1729
-1629
-1925
2025
2025
-1925
1765
-1665
-1665
1765
1823
-1723
-1723
1823
-2043
2143
-2043
2143
1947
-1847
-1847
1947
-1733
1833
-1733
1833
-1888
1988
1988
-1888
-1847
1947
-1847
1947
-1712
1812
1812
-1712
1770
-1670
-1670
1770
-1726
1826
1826
-1726
-1863
1963
1963
-1863
1737
-1637
1737
-1637
-1558
1658
1658
-1558
1759
-1659
1759
-1659
-1815
1915
-1815
1915
-1855
1955
1955
-1855
1873
-1773
1873
-1773
1711
-1611
-1611
1711
1899
-1799
-1799
1899
-1638
1738
1738
-1638
-1572
1672
1672
-1572
-1664
1764
-1664
1764
1842
-1742
1842
-1742
1817
-1717
-1717
1817
-1635
1735
1735
-1635
-1514
1614
-1514
1614
-1861
1961
1961
-1861
-2114
2214
-2114
2214
-1650
1750
1750
-1650
1846
-1746
-1746
1846
-1503
1603
-1503
1603
1887
-1787
-1787
1887
-1608
1708
1708
-1608
1695
-1595
-1595
1695
1882
-1782
1882
-1782
1770
-1670
-1670
1770
-1908
2008
2008
-1908
1730
-1630
-1630
1730
1890
-1790
1890
-1790
-1693
1793
1793
-1693
-1803
1903
-1803
1903
1899
-1799
-1799
1899
-1727
1827
1827
-1727
-1886
1986
1986
-1886
1899
-1799
1899
-1799
1707
-1607
1707
-1607
-1712
1812
1812
-1712
1914
-1814
-1814
1914
2011
-1911
-1911
2011
-1777
1877
1877
-1777
1968
-1868
1968
-1868
-1933
2033
2033
-1933
-1878
1978
-1878
1978
-1698
1798
-1698
1798
1843
-1743
-1743
1843
-1787
1887
1887
-1787
-1637
1737
1737
-1637
-1879
1979
1979
-1879
1580
-1480
-1480
1580
-1668
1768
-1668
1768
1924
-1824
1924
-1824
-1747
1847
1847
-1747
1906
-1806
-1806
1906
-1960
2060
2060
-1960
-1829
1929
-1829
1929
-1713
1813
1813
-1713
-1707
1807
-1707
1807
-1846
1946
-1846
1946
1816
-1716
1816
-1716
-1745
1845
1845
-1745
-1701
1801
1801
-1701
-1488
1588
-1488
1588
1892
-1792
-1792
1892
1759
-1659
-1659
1759
1712
-1612
-1612
1712
1844
-1744
1844
-1744
-1647
1747
-1647
1747
-1622
1722
1722
-1622
-1814
1914
-1814
1914
1868
-1768
1868
-1768
-1860
1960
-1860
1960
2062
-1962
-1962
2062
1844
-1744
1844
-1744
-1821
1921
1921
-1821
-2041
2141
2141
-2041
-1817
1917
-1817
1917
1887
-1787
-1787
1887
-1836
1936
1936
-1836
2063
-1963
2063
-1963
-1763
1863
1863
-1763
1960
-1860
-1860
1960
-1682
1782
1782
-1682
1867
-1767
1867
-1767
1958
-1858
-1858
1958
-1659
1759
-1659
1759
-1870
1970
1970
-1870
1844
-1744
1844
-1744
-1824
1924
1924
-1824
1638
-1538
-1538
1638
1814
-1714
-1714
1814
-2050
2150
2150
-2050
-1909
2009
2009
-1909
-1722
1822
1822
-1722
1885
-1785
-1785
1885
-1902
2002
2002
-1902
-1914
2014
-1914
2014
-1672
1772
1772
-1672
-1780
1880
1880
-1780
1815
-1715
-1715
1815
-1811
1911
-1811
1911
-1951
2051
2051
-1951
-1652
1752
1752
-1652
1957
-1857
1957
-1857
-1910
2010
-1910
2010
1972
-1872
-1872
1972
-1714
1814
1814
-1714
-1810
1910
1910
-1810
-1725
1825
-1725
1825
-1766
1866
1866
-1766
-1540
1640
-1540
1640
1873
-1773
-1773
1873
-1683
1783
1783
-1683
1877
-1777
1877
-1777
1737
-1637
-1637
1737
-1958
2058
2058
-1958
-1862
1962
-1862
1962
-2111
2211
-2111
2211
-1954
2054
2054
-1954
2056
-1956
-1956
2056
1972
-1872
1972
-1872
1881
-1781
-1781
1881
-1768
1868
-1768
1868
1647
-1547
1647
-1547
-1829
1929
1929
-1829
-1829
1929
-1829
1929
1902
-1802
-1802
1902
1759
-1659
1759
-1659
-1729
1829
1829
-1729
-1690
1790
-1690
1790
-1903
2003
2003
-1903
1788
-1688
1788
-1688
1818
-1718
1818
-1718
-1754
1854
1854
-1754
-1629
1729
-1629
1729
1766
-1666
1766
-1666
-1690
1790
1790
-1690
-1768
1868
1868
-1768
1953
-1853
-1853
1953
-1795
1895
1895
-1795
1930
-1830
1930
-1830
-1791
1891
-1791
1891
-1784
1884
1884
-1784
1984
-1884
1984
-1884
-2032
2132
2132
-2032
-1720
1820
-1720
1820
1664
-1564
-1564
1664
-1796
1896
-1796
1896
1912
-1812
1912
-1812
-1968
2068
-1968
2068
2140
-2040
-2040
2140
-1794
1894
-1794
1894
1937
-1837
-1837
1937
1896
-1796
-1796
1896
1678
-1578
1678
-1578
1847
-1747
1847
-1747
-1692
1792
1792
-1692
1983
-1883
1983
-1883
-1791
1891
1891
-1791
1822
-1722
1822
-1722
-1869
1969
-1869
1969
-1786
1886
1886
-1786
2135
-2035
2135
-2035
-1800
1900
1900
-1800
-1845
1945
1945
-1845
-1888
1988
-1888
1988
1841
-1741
1841
-1741
-2109
2209
2209
-2109
-1782
1882
-1782
1882
1895
-1795
1895
-1795
1784
-1684
-1684
1784
-1816
1916
-1816
1916
-1638
1738
1738
-1638
1870
-1770
-1770
1870
1829
-1729
1829
-1729
-1575
1675
1675
-1575
-1836
1936
-1836
1936
1945
-1845
-1845
1945
-1893
1993
-1893
1993
-1877
1977
-1877
1977
1765
-1665
1765
-1665
-1731
1831
-1731
1831
1728
-1628
-1628
1728
-1758
1858
-1758
1858
-1611
1711
-1611
1711
-1759
1859
-1759
1859
2155
-2055
-2055
2155
-1802
1902
1902
-1802
1849
-1749
1849
-1749
1743
-1643
-1643
1743
1812
-1712
-1712
1812
-1682
1782
-1682
1782
1947
-1847
-1847
1947
1989
-1889
-1889
1989
-1779
1879
1879
-1779
-1766
1866
1866
-1766
2061
-1961
-1961
2061
1717
-1617
1717
-1617
1854
-1754
-1754
1854
-1709
1809
1809
-1709
-1679
1779
1779
-1679
-1845
1945
1945
-1845
-1736
1836
-1736
1836
-1805
1905
1905
-1805
-1782
1882
-1782
1882
1799
-1699
1799
-1699
-1787
1887
1887
-1787
1932
-1832
1932
-1832
-1743
1843
1843
-1743
-1763
1863
1863
-1763
1833
-1733
-1733
1833
2016
-1916
2016
-1916
1719
-1619
1719
-1619
-1744
1844
-1744
1844
-1886
1986
1986
-1886
-1696
1796
-1696
1796
-1714
1814
1814
-1714
-1911
2011
2011
-1911
1739
-1639
-1639
1739
-1938
2038
2038
-1938
-2086
2186
2186
-2086
1866
-1766
-1766
1866
1967
-1867
-1867
1967
-1501
1601
1601
-1501
-1691
1791
-1691
1791
-1812
1912
1912
-1812
1885
-1785
-1785
1885
-1751
1851
1851
-1751
1872
-1772
1872
-1772
1925
-1825
-1825
1925
-1603
1703
-1603
1703
-1660
1760
1760
-1660
-1828
1928
-1828
1928
-1701
1801
-1701
1801
1878
-1778
-1778
1878
1774
-1674
-1674
1774
1697
-1597
1697
-1597
-1609
1709
-1609
1709
1818
-1718
-1718
1818
2199
-2099
-2099
2199
1762
-1662
-1662
1762
-2106
2206
2206
-2106
-1633
1733
-1633
1733
1873
-1773
1873
-1773
-1683
1783
-1683
1783
-1638
1738
1738
-1638
1964
-1864
-1864
1964
-1694
1794
1794
-1694
-1934
2034
2034
-1934
1897
-1797
-1797
1897
-1992
2092
-1992
2092
-1855
1955
-1855
1955
-1741
1841
-1741
1841
1969
-1869
-1869
1969
1696
-1596
1696
-1596
-1816
1916
1916
-1816
-1591
1691
-1591
1691
-1878
1978
-1878
1978
-1986
2086
2086
-1986
-1696
1796
1796
-1696
1897
-1797
-1797
1897
1791
-1691
-1691
1791
-1776
1876
-1776
1876
1936
-1836
-1836
1936
-2047
2147
-2047
2147
-1761
1861
-1761
1861
-1719
1819
1819
-1719
-1786
1886
1886
-1786
1982
-1882
-1882
1982
1890
-1790
1890
-1790
-1643
1743
1743
-1643
1795
-1695
1795
-1695
1971
-1871
-1871
1971
-1704
1804
1804
-1704
2007
-1907
2007
-1907
1724
-1624
-1624
1724
-1606
1706
1706
-1606
1782
-1682
1782
-1682
-1804
1904
1904
-1804
1623
-1523
-1523
1623
1983
-1883
-1883
1983
-1754
1854
1854
-1754
2103
-2003
2103
-2003
1878
-1778
1878
-1778
-1699
1799
-1699
1799
-1843
1943
-1843
1943
1930
-1830
-1830
1930
-1806
1906
1906
-1806
-1805
1905
1905
-1805
1805
-1705
-1705
1805
-1851
1951
-1851
1951
1877
-1777
-1777
1877
-1837
1937
1937
-1837
1778
-1678
-1678
1778
-1463
1563
1563
-1463
1977
-1877
-1877
1977
-1801
1901
1901
-1801
1759
-1659
-1659
1759
1851
-1751
-1751
1851
-1648
1748
1748
-1648
-1644
1744
-1644
1744
-1848
1948
1948
-1848
1942
-1842
-1842
1942
1941
-1841
1941
-1841
1997
-1897
1997
-1897
1824
-1724
-1724
1824
1963
-1863
-1863
1963
-1785
1885
1885
-1785
-1619
1719
1719
-1619
1938
-1838
-1838
1938
-1676
1776
1776
-1676
1868
-1768
-1768
1868
-1677
1777
1777
-1677
-1751
1851
1851
-1751
1822
-1722
-1722
1822
1695
-1595
1695
-1595
-1688
1788
1788
-1688
1999
-1899
1999
-1899
-1878
1978
-1878
1978
1969
-1869
-1869
1969
1768
-1668
-1668
1768
-1880
1980
-1880
1980
-1861
1961
1961
-1861
1989
-1889
1989
-1889
-1769
1869
-1769
1869
-1974
2074
-1974
2074
-1959
2059
2059
-1959
-2058
2158
-2058
2158
2061
-1961
2061
-1961
-1922
2022
-1922
2022
2043
-1943
2043
-1943
1899
-1799
1899
-1799
-1827
1927
1927
-1827
-1708
1808
1808
-1708
-1655
1755
-1655
1755
1793
-1693
-1693
1793
1925
-1825
-1825
1925
-1996
2096
-1996
2096
-1863
1963
1963
-1863
-1894
1994
-1894
1994
1904
-1804
-1804
1904
1975
-1875
-1875
1975
2003
-1903
-1903
2003
-1644
1744
-1644
1744
1873
-1773
-1773
1873
-1871
1971
1971
-1871
-1949
2049
2049
-1949
-1583
1683
-1583
1683
-1581
1681
-1581
1681
1993
-1893
-1893
1993
-1657
1757
-1657
1757
-1795
1895
-1795
1895
-1917
2017
2017
-1917
-1942
2042
-1942
2042
-1674
1774
-1674
1774
-2036
2136
-2036
2136
-1745
1845
1845
-1745
-1496
1596
-1496
1596
1862
-1762
-1762
1862
-1657
1757
1757
-1657
-1652
1752
-1652
1752
1905
-1805
-1805
1905
-1653
1753
1753
-1653
1881
-1781
1881
-1781
-1724
1824
-1724
1824
1862
-1762
1862
-1762
-1792
1892
-1792
1892
-1748
1848
-1748
1848
-1995
2095
2095
-1995
1916
-1816
1916
-1816
1817
-1717
-1717
1817
1942
-1842
1942
-1842
-1668
1768
1768
-1668
-1731
1831
1831
-1731
-1905
2005
2005
-1905
-1968
2068
2068
-1968
1764
-1664
-1664
1764
-1804
1904
-1804
1904
-1581
1681
-1581
1681
1889
-1789
-1789
1889
1926
-1826
-1826
1926
-1729
1829
-1729
1829
1913
-1813
1913
-1813
1910
-1810
1910
-1810
-1957
2057
2057
-1957
-1909
2009
-1909
2009
1772
-1672
1772
-1672
2072
-1972
-1972
2072
-1754
1854
-1754
1854
-1916
2016
-1916
2016
-1813
1913
1913
-1813
-1893
1993
1993
-1893
-1711
1811
-1711
1811
-1777
1877
1877
-1777
-1858
1958
1958
-1858
1952
-1852
-1852
1952
1648
-1548
1648
-1548
1970
-1870
-1870
1970
-1862
1962
1962
-1862
-1770
1870
1870
-1770
1937
-1837
-1837
1937
1858
-1758
-1758
1858
-1556
1656
1656
-1556
-1706
1806
1806
-1706
1852
-1752
1852
-1752
-1744
1844
-1744
1844
-1909
2009
-1909
2009
-1719
1819
-1719
1819
-1703
1803
1803
-1703
1847
-1747
-1747
1847
-1526
1626
1626
-1526
1804
-1704
-1704
1804
1826
-1726
-1726
1826
1746
-1646
-1646
1746
-1746
1846
1846
-1746
-1761
1861
-1761
1861
-1728
1828
1828
-1728
1936
-1836
-1836
1936
-1675
1775
-1675
1775
-1778
1878
1878
-1778
-1853
1953
1953
-1853
-1793
1893
1893
-1793
-1636
1736
1736
-1636
-1788
1888
-1788
1888
1959
-1859
-1859
1959
-1930
2030
2030
-1930
-1839
1939
1939
-1839
1832
-1732
1832
-1732
-1793
1893
1893
-1793
1992
-1892
-1892
1992
-1541
1641
1641
-1541
1823
-1723
-1723
1823
1835
-1735
-1735
1835
-1832
1932
-1832
1932
-1620
1720
-1620
1720
-1760
1860
-1760
1860
-1943
2043
-1943
2043
2065
-1965
2065
-1965
-1989
2089
-1989
2089
-1764
1864
-1764
1864
-1725
1825
-1725
1825
-1886
1986
-1886
1986
1782
-1682
-1682
1782
-1718
1818
1818
-1718
-1647
1747
-1647
1747
1875
-1775
-1775
1875
1780
-1680
-1680
1780
-1839
1939
-1839
1939
-1943
2043
-1943
2043
1889
-1789
-1789
1889
2050
-1950
-1950
2050
-1848
1948
1948
-1848
-1679
1779
1779
-1679
1752
-1652
-1652
1752
1703
-1603
-1603
1703
-1718
1818
1818
-1718
-1591
1691
1691
-1591
-1668
1768
-1668
1768
1740
-1640
-1640
1740
1690
-1590
-1590
1690
1676
-1576
1676
-1576
-1900
2000
2000
-1900
-2015
2115
2115
-2015
-1988
2088
2088
-1988
-1780
1880
1880
-1780
1909
-1809
-1809
1909
-1919
2019
-1919
2019
1852
-1752
1852
-1752
1644
-1544
-1544
1644
-1896
1996
-1896
1996
-1901
2001
2001
-1901
-1736
1836
-1736
1836
1801
-1701
1801
-1701
-1728
1828
1828
-1728
1888
-1788
-1788
1888
-1810
1910
-1810
1910
1888
-1788
1888
-1788
1823
-1723
-1723
1823
1774
-1674
1774
-1674
2039
-1939
-1939
2039
1740
-1640
1740
-1640
-1713
1813
1813
-1713
-1682
1782
-1682
1782
1913
-1813
-1813
1913
1682
-1582
-1582
1682
-1754
1854
-1754
1854
-1593
1693
-1593
1693
-1609
1709
-1609
1709
-1718
1818
1818
-1718
-1760
1860
-1760
1860
-1712
1812
-1712
1812
-1834
1934
-1834
1934
1915
-1815
1915
-1815
-1905
2005
2005
-1905
1778
-1678
-1678
1778
-1727
1827
-1727
1827
-1755
1855
1855
-1755
-1649
1749
-1649
1749
-1707
1807
1807
-1707
1822
-1722
-1722
1822
1892
-1792
-1792
1892
1837
-1737
-1737
1837
-1805
1905
1905
-1805
-1801
1901
-1801
1901
-1706
1806
-1706
1806
1829
-1729
-1729
1829
-1953
2053
2053
-1953
1778
-1678
-1678
1778
-1694
1794
-1694
1794
-1783
1883
-1783
1883
-1643
1743
1743
-1643
-1974
2074
2074
-1974
2012
-1912
-1912
2012
-1710
1810
-1710
1810
-1896
1996
-1896
1996
-1734
1834
-1734
1834
1914
-1814
-1814
1914
1938
-1838
1938
-1838
-2043
2143
2143
-2043
-1628
1728
-1628
1728
-1680
1780
-1680
1780
-1786
1886
1886
-1786
2003
-1903
-1903
2003
1747
-1647
-1647
1747
-1519
1619
-1519
1619
1955
-1855
1955
-1855
1843
-1743
1843
-1743
-1906
2006
2006
-1906
-1700
1800
1800
-1700
1925
-1825
1925
-1825
-1749
1849
1849
-1749
1985
-1885
1985
-1885
2088
-1988
-1988
2088
-2225
2325
2325
-2225
-1727
1827
1827
-1727
1841
-1741
-1741
1841
1672
-1572
-1572
1672
1975
-1875
1975
-1875
-1830
1930
1930
-1830
-1721
1821
-1721
1821
-1639
1739
-1639
1739
-1928
2028
-1928
2028
-1668
1768
-1668
1768
-1850
1950
1950
-1850
1927
-1827
1927
-1827
1818
-1718
1818
-1718
-1967
2067
-1967
2067
2004
-1904
-1904
2004
1925
-1825
-1825
1925
-1764
1864
1864
-1764
-1627
1727
1727
-1627
-1713
1813
1813
-1713
1884
-1784
-1784
1884
-1718
1818
-1718
1818
1959
-1859
-1859
1959
-1779
1879
-1779
1879
-1555
1655
1655
-1555
-1847
1947
1947
-1847
1989
-1889
1989
-1889
1622
-1522
-1522
1622
-1808
1908
-1808
1908
-1806
1906
1906
-1806
-1751
1851
-1751
1851
-1491
1591
-1491
1591
-1739
1839
-1739
1839
1853
-1753
1853
-1753
-1929
2029
2029
-1929
1797
-1697
1797
-1697
1776
-1676
1776
-1676
-2015
2115
2115
-2015
1766
-1666
-1666
1766
1724
-1624
-1624
1724
-1523
1623
1623
-1523
1958
-1858
1958
-1858
1832
-1732
-1732
1832
-1794
1894
1894
-1794
-1756
1856
1856
-1756
1648
-1548
1648
-1548
1862
-1762
1862
-1762
-1842
1942
-1842
1942
-1844
1944
1944
-1844
-1785
1885
1885
-1785
1980
-1880
1980
-1880
-1745
1845
-1745
1845
-1722
1822
1822
-1722
1786
-1686
-1686
1786
-1632
1732
1732
-1632
1614
-1514
-1514
1614
2012
-1912
2012
-1912
-1680
1780
-1680
1780
1921
-1821
1921
-1821
1767
-1667
1767
-1667
-1804
1904
-1804
1904
-1876
1976
1976
-1876
-1784
1884
-1784
1884
1917
-1817
-1817
1917
1860
-1760
-1760
1860
-1778
1878
-1778
1878
1958
-1858
-1858
1958
-1759
1859
1859
-1759
1725
-1625
1725
-1625
1745
-1645
-1645
1745
-1784
1884
1884
-1784
-1834
1934
-1834
1934
-1754
1854
1854
-1754
-1797
1897
-1797
1897
-1850
1950
-1850
1950
1963
-1863
-1863
1963
-1779
1879
-1779
1879
-2003
2103
2103
-2003
1862
-1762
1862
-1762
1739
-1639
-1639
1739
1821
-1721
1821
-1721
-1996
2096
2096
-1996
-1768
1868
1868
-1768
-1807
1907
1907
-1807
-1931
2031
-1931
2031
2063
-1963
-1963
2063
1932
-1832
-1832
1932
1946
-1846
1946
-1846
1751
-1651
-1651
1751
1708
-1608
-1608
1708
-2069
2169
2169
-2069
-1840
1940
1940
-1840
1823
-1723
-1723
1823
-1720
1820
1820
-1720
-2080
2180
-2080
2180
-1642
1742
-1642
1742
1853
-1753
1853
-1753
-1889
1989
-1889
1989
-1906
2006
2006
-1906
1985
-1885
-1885
1985
-1930
2030
-1930
2030
-1969
2069
2069
-1969
-1718
1818
1818
-1718
1792
-1692
-1692
1792
-1590
1690
1690
-1590
-1704
1804
-1704
1804
-1643
1743
1743
-1643
1826
-1726
-1726
1826
1782
-1682
-1682
1782
-1837
1937
-1837
1937
-1502
1602
1602
-1502
-1796
1896
1896
-1796
-1732
1832
1832
-1732
-1707
1807
1807
-1707
-1839
1939
-1839
1939
-1955
2055
-1955
2055
1846
-1746
1846
-1746
-2226
2326
2326
-2226
1811
-1711
-1711
1811
-1851
1951
1951
-1851
-1881
1981
1981
-1881
-1827
1927
-1827
1927
-1780
1880
1880
-1780
-1661
1761
-1661
1761
1994
-1894
1994
-1894
1981
-1881
-1881
1981
-1720
1820
-1720
1820
-1655
1755
-1655
1755
-1913
2013
2013
-1913
-1674
1774
1774
-1674
-1760
1860
-1760
1860
1689
-1589
-1589
1689
1937
-1837
1937
-1837
-1939
2039
-1939
2039
-1964
2064
-1964
2064
1807
-1707
-1707
1807
-2061
2161
-2061
2161
1882
-1782
1882
-1782
1784
-1684
-1684
1784
-1780
1880
-1780
1880
-1775
1875
1875
-1775
1844
-1744
-1744
1844
2052
-1952
-1952
2052
1903
-1803
1903
-1803
-1702
1802
1802
-1702
-1776
1876
1876
-1776
-1869
1969
1969
-1869
-1829
1929
1929
-1829
1756
-1656
1756
-1656
-1648
1748
-1648
1748
1820
-1720
-1720
1820
1913
-1813
-1813
1913
-1997
2097
2097
-1997
-1715
1815
1815
-1715
1885
-1785
-1785
1885
-1975
2075
2075
-1975
-1685
1785
-1685
1785
-1886
1986
-1886
1986
-2025
2125
2125
-2025
-1761
1861
1861
-1761
2057
-1957
-1957
2057
-1929
2029
-1929
2029
-1666
1766
-1666
1766
1741
-1641
-1641
1741
-1496
1596
-1496
1596
1785
-1685
-1685
1785
-1772
1872
-1772
1872
1936
-1836
-1836
1936
-1734
1834
-1734
1834
-1724
1824
1824
-1724
1869
-1769
-1769
1869
-1786
1886
-1786
1886
1978
-1878
1978
-1878
1922
-1822
-1822
1922
-1782
1882
-1782
1882
1895
-1795
-1795
1895
-1895
1995
1995
-1895
1764
-1664
1764
-1664
-1913
2013
-1913
2013
-1711
1811
-1711
1811
1809
-1709
-1709
1809
-1770
1870
-1770
1870
-1870
1970
-1870
1970
-1724
1824
1824
-1724
-1769
1869
-1769
1869
1766
-1666
1766
-1666
-1892
1992
-1892
1992
1953
-1853
-1853
1953
1946
-1846
-1846
1946
-1683
1783
-1683
1783
-1898
1998
1998
-1898
1854
-1754
1854
-1754
-1947
2047
-1947
2047
1766
-1666
-1666
1766
1675
-1575
-1575
1675
1810
-1710
1810
-1710
1878
-1778
1878
-1778
1860
-1760
-1760
1860
1856
-1756
1856
-1756
-1752
1852
-1752
1852
-1785
1885
1885
-1785
-1570
1670
1670
-1570
1776
-1676
1776
-1676
-1621
1721
1721
-1621
-1754
1854
-1754
1854
1917
-1817
1917
-1817
1568
-1468
-1468
1568
2037
-1937
2037
-1937
-1604
1704
1704
-1604
-1855
1955
1955
-1855
1857
-1757
1857
-1757
1850
-1750
1850
-1750
-1681
1781
1781
-1681
-1798
1898
1898
-1798
1762
-1662
1762
-1662
-1730
1830
1830
-1730
1788
-1688
1788
-1688
1853
-1753
-1753
1853
-1725
1825
-1725
1825
-1854
1954
-1854
1954
1921
-1821
-1821
1921
1864
-1764
1864
-1764
-1702
1802
1802
-1702
1803
-1703
1803
-1703
-1694
1794
1794
-1694
-1723
1823
1823
-1723
-1837
1937
-1837
1937
-1772
1872
1872
-1772
-1782
1882
-1782
1882
1941
-1841
1941
-1841
1953
-1853
1953
-1853
-1687
1787
-1687
1787
1935
-1835
1935
-1835
1803
-1703
-1703
1803
1660
-1560
1660
-1560
-2058
2158
2158
-2058
1696
-1596
-1596
1696
-1918
2018
-1918
2018
-1786
1886
1886
-1786
-1729
1829
-1729
1829
1722
-1622
1722
-1622
-1865
1965
-1865
1965
1763
-1663
-1663
1763
-1795
1895
-1795
1895
-1740
1840
1840
-1740
1882
-1782
1882
-1782
-1937
2037
-1937
2037
1824
-1724
-1724
1824
-2034
2134
-2034
2134
1963
-1863
-1863
1963
-1861
1961
1961
-1861
-1717
1817
1817
-1717
1989
-1889
1989
-1889
-1729
1829
1829
-1729
1900
-1800
-1800
1900
-1772
1872
1872
-1772
-1700
1800
-1700
1800
1796
-1696
1796
-1696
-1927
2027
2027
-1927
1973
-1873
1973
-1873
-1660
1760
-1660
1760
1878
-1778
-1778
1878
1826
-1726
1826
-1726
1671
-1571
1671
-1571
1858
-1758
1858
-1758
-1865
1965
-1865
1965
-1817
1917
1917
-1817
-1714
1814
1814
-1714
-1780
1880
-1780
1880
-1743
1843
-1743
1843
2036
-1936
2036
-1936
-1908
2008
-1908
2008
1969
-1869
-1869
1969
1993
-1893
1993
-1893
-1778
1878
-1778
1878
-1844
1944
1944
-1844
1913
-1813
-1813
1913
1908
-1808
1908
-1808
-1863
1963
-1863
1963
-1762
1862
1862
-1762
1866
-1766
1866
-1766
-2151
2251
-2151
2251
-1837
1937
1937
-1837
1945
-1845
-1845
1945
-2079
2179
2179
-2079
1914
-1814
-1814
1914
-1934
2034
-1934
2034
1914
-1814
-1814
1914
-1858
1958
1958
-1858
1908
-1808
1908
-1808
-1721
1821
1821
-1721
1945
-1845
1945
-1845
1828
-1728
1828
-1728
1762
-1662
1762
-1662
1817
-1717
-1717
1817
-1790
1890
1890
-1790
-1310
1410
1410
-1310
-2063
2163
-2063
2163
-1707
1807
1807
-1707
1768
-1668
-1668
1768
-1837
1937
1937
-1837
1923
-1823
1923
-1823
-1620
1720
-1620
1720
-1698
1798
-1698
1798
-1822
1922
1922
-1822
1899
-1799
-1799
1899
1978
-1878
1978
-1878
-1633
1733
1733
-1633
-1766
1866
1866
-1766
-1748
1848
1848
-1748
1782
-1682
-1682
1782
-1734
1834
-1734
1834
1755
-1655
1755
-1655
-1701
1801
1801
-1701
-1818
1918
1918
-1818
1790
-1690
-1690
1790
1953
-1853
-1853
1953
-1747
1847
-1747
1847
1771
-1671
-1671
1771
-1857
1957
1957
-1857
-1724
1824
1824
-1724
-1675
1775
-1675
1775
-1650
1750
-1650
1750
-1635
1735
1735
-1635
1794
-1694
-1694
1794
1729
-1629
1729
-1629
1952
-1852
-1852
1952
-1559
1659
1659
-1559
-1779
1879
-1779
1879
1854
-1754
1854
-1754
-1713
1813
-1713
1813
1961
-1861
-1861
1961
1739
-1639
-1639
1739
-1650
1750
-1650
1750
-1924
2024
2024
-1924
-1564
1664
-1564
1664
1915
-1815
-1815
1915
1972
-1872
1972
-1872
1835
-1735
1835
-1735
-1802
1902
-1802
1902
1718
-1618
-1618
1718
-1803
1903
1903
-1803
1896
-1796
1896
-1796
-1679
1779
-1679
1779
-1799
1899
-1799
1899
-1800
1900
-1800
1900
1932
-1832
1932
-1832
-1846
1946
1946
-1846
-1606
1706
-1606
1706
1869
-1769
-1769
1869
2017
-1917
-1917
2017
1734
-1634
-1634
1734
-1677
1777
1777
-1677
-2050
2150
2150
-2050
1853
-1753
-1753
1853
-2082
2182
-2082
2182
1905
-1805
-1805
1905
-1865
1965
-1865
1965
1911
-1811
-1811
1911
1622
-1522
-1522
1622
-1674
1774
1774
-1674
-1632
1732
1732
-1632
1995
-1895
1995
-1895
-1809
1909
-1809
1909
-1922
2022
2022
-1922
2174
-2074
2174
-2074
1797
-1697
-1697
1797
-1978
2078
2078
-1978
-1606
1706
1706
-1606
-1770
1870
1870
-1770
-1753
1853
-1753
1853
2058
-1958
2058
-1958
1840
-1740
1840
-1740
1985
-1885
-1885
1985
1641
-1541
1641
-1541
-1608
1708
-1608
1708
-1870
1970
1970
-1870
1916
-1816
-1816
1916
1749
-1649
-1649
1749
1799
-1699
-1699
1799
1662
-1562
1662
-1562
-1708
1808
1808
-1708
-2060
2160
2160
-2060
-1893
1993
-1893
1993
-1901
2001
-1901
2001
-1557
1657
-1557
1657
-1795
1895
1895
-1795
-1951
2051
2051
-1951
2046
-1946
2046
-1946
1937
-1837
1937
-1837
-1878
1978
-1878
1978
-1720
1820
-1720
1820
1912
-1812
-1812
1912
1838
-1738
1838
-1738
1866
-1766
-1766
1866
-1842
1942
1942
-1842
-1636
1736
1736
-1636
-1911
2011
2011
-1911
2015
-1915
2015
-1915
-1775
1875
1875
-1775
-1917
2017
-1917
2017
-1839
1939
1939
-1839
-1749
1849
1849
-1749
-1658
1758
-1658
1758
1811
-1711
1811
-1711
1805
-1705
1805
-1705
1922
-1822
-1822
1922
-1743
1843
-1743
1843
-1661
1761
1761
-1661
-1932
2032
-1932
2032
-1678
1778
1778
-1678
-1859
1959
-1859
1959
-1995
2095
-1995
2095
2047
-1947
-1947
2047
1682
-1582
-1582
1682
1765
-1665
1765
-1665
2016
-1916
2016
-1916
-1813
1913
-1813
1913
-1853
1953
1953
-1853
-1730
1830
1830
-1730
-1740
1840
-1740
1840
1620
-1520
-1520
1620
-1937
2037
-1937
2037
