6
7
70
55
2
13
2
3
15
2
2
1
10
12
34
7
37
2
3
1
19
8
10
5
4
2
10
3
7
34
2
54
1
124
67
3
6
9
7
2
2
1
5
6
50
22
1
22
25
3
146
5
9
3
16
152
42
4
7
40
2
27
24
3
21
46
6
9
6
8
10
3
106
2
2
1
1
1
6
11
48
117
33
97
16
105
17
117
26
1
4
8
69
73
60
10
128
1
85
5
41
4
6
11
2
6
2
5
4
4
2
6
40
14
1
1
6
9
17
11
4
5
8
18
178
14
5
14
3
3
2
179
3
13
4
134
1
100
121
67
11
91
2
55
81
21
1
2
7
165
21
39
10
78
178
11
4
33
8
6
8
4
4
37
1
6
8
1
17
1
16
4
2
20
3
1
27
44
40
11
3
5
6
6
5
11
6
10
32
5
1
31
1
16
8
3
7
198
2
2
104
66
80
70
3
6
4
18
2
8
53
41
2
86
53
46
18
1
178
3
1
8
109
2
166
6
28
46
88
63
73
11
34
174
5
5
7
82
41
48
5
9
2
13
2
119
35
5
16
5
11
9
47
15
58
3
4
1
7
1
5
23
1
1
2
1
68
6
11
170
17
130
2
142
7
135
2
45
155
142
13
58
7
2
29
3
3
1
5
23
41
3
122
15
4
69
60
75
6
1
9
2
41
2
15
3
8
3
1
69
1
122
2
10
2
18
1
12
21
3
164
47
26
6
12
2
10
11
12
160
9
9
1
4
1
46
5
66
2
6
6
38
5
6
116
10
14
7
66
1
4
92
5
13
3
8
5
3
4
3
71
28
12
64
12
1
9
1
36
1
2
8
1
8
3
3
2
1
7
8
11
28
2
9
11
9
39
5
178
193
9
48
2
9
8
3
4
71
2
3
1
10
4
1
63
2
19
2
61
1
14
75
1
1
10
11
9
86
1
84
8
11
11
6
16
14
5
10
87
44
24
123
37
2
17
8
11
59
4
2
2
70
2
8
4
7
6
4
1
21
8
11
1
5
9
9
2
3
1
24
16
184
30
6
35
103
1
3
74
3
5
25
2
2
2
31
9
1
9
10
71
9
4
39
34
38
2
38
40
105
1
21
21
1
14
7
1
8
16
2
9
7
15
9
6
10
5
3
42
55
55
39
4
3
13
5
4
1
15
1
1
1
4
5
193
7
17
5
46
2
21
10
8
8
4
1
2
4
6
155
9
39
5
69
1
2
2
2
1
53
1
1
14
39
15
4
50
3
10
11
13
14
1
131
104
2
14
1
7
1
2
71
38
8
6
5
41
1
16
2
2
9
2
2
10
2
132
73
1
7
9
4
1
3
33
2
2
10
48
6
67
1
8
1
1
11
3
12
2
12
2
13
5
1
1
5
29
5
159
43
11
4
13
6
3
18
6
12
10
51
101
42
6
113
7
5
2
8
8
22
39
8
11
11
9
5
124
14
69
2
101
7
1
4
2
16
163
4
24
4
43
5
38
8
1
1
6
8
3
26
24
15
7
39
4
43
13
9
9
5
4
1
11
22
1
3
136
127
17
117
7
136
7
7
8
4
24
1
19
2
14
6
123
14
3
4
6
5
41
126
164
86
4
1
74
43
11
4
118
6
3
8
4
5
1
7
23
1
5
1
1
9
21
164
8
106
22
3
1
7
6
5
11
5
92
8
2
7
22
3
30
46
167
2
3
1
3
7
20
10
36
2
79
1
1
1
1
3
18
41
8
2
6
3
6
7
11
8
2
14
39
33
9
156
8
1
3
3
11
34
3
15
3
1
2
10
1
4
1
1
36
4
41
79
55
63
132
135
32
10
42
12
59
102
21
46
9
179
144
89
119
77
79
12
2
4
60
12
3
10
4
5
4
3
3
66
13
1
19
18
141
2
14
2
2
2
5
4
5
21
3
2
4
3
10
100
117
233
140
1
183
4
6
1
54
7
121
117
8
3
4
2
15
75
2
156
16
1
10
6
5
22
72
63
144
118
2
8
36
1
152
14
1
1
3
3
142
127
1
26
3
2
5
3
5
4
4
11
1
102
6
9
86
22
127
4
200
11
3
25
52
7
10
9
33
39
220
7
7
5
4
4
3
5
8
2
86
56
6
100
1
147
62
23
11
93
1
2
25
5
185
7
9
6
7
2
4
4
2
2
16
1
1
2
2
110
10
10
4
59
16
76
62
13
2
6
1
2
5
10
104
3
1
3
3
3
19
36
57
42
2
100
12
4
6
7
3
2
1
6
1
186
5
2
7
2
2
8
2
15
3
6
1
1
1
2
2
3
5
86
76
31
1
5
4
3
3
46
2
5
15
7
6
8
10
7
1
36
108
9
45
93
2
69
112
31
164
2
5
4
4
6
7
3
41
12
38
6
10
6
6
123
6
11
3
1
7
6
1
1
8
111
4
152
7
11
27
2
40
8
23
5
11
3
9
3
3
1
2
5
6
3
17
2
58
3
1
6
6
38
2
1
33
4
88
13
1
4
8
8
56
42
9
23
2
11
2
2
6
84
1
126
128
100
185
89
150
12
132
1
127
5
4
15
81
42
9
115
9
6
7
11
2
8
8
62
6
6
5
90
49
8
7
12
5
4
3
49
6
7
4
4
44
5
4
50
55
94
1
118
8
62
101
18
10
9
74
1
2
3
2
6
5
10
120
3
35
12
2
2
2
3
11
2
4
1
195
2
2
1
4
1
2
6
13
10
3
6
3
55
5
7
43
34
36
45
7
5
10
1
110
5
2
152
107
5
13
4
140
5
4
1
8
5
8
4
20
4
6
3
5
5
101
36
5
6
10
12
3
2
5
20
3
152
2
13
5
76
2
79
5
8
44
2
2
7
19
1
6
4
3
44
6
1
2
7
19
3
21
25
12
7
2
6
6
15
5
1
4
8
8
18
10
1
27
27
1
2
24
72
101
4
6
1
6
6
8
37
52
25
12
6
202
197
9
135
4
3
4
120
7
37
2
3
6
37
92
1
171
5
36
9
109
6
13
47
63
1
16
3
9
1
24
150
1
2
9
32
8
13
30
29
18
2
3
2
1
7
42
4
54
8
5
8
3
3
1
34
2
11
133
109
65
10
63
4
6
4
7
9
3
4
11
5
2
13
37
1
6
24
5
4
4
4
6
6
1
5
2
59
19
35
37
6
4
8
6
5
1
117
5
39
5
3
23
2
3
10
5
21
3
201
1
46
75
40
17
9
6
11
52
1
13
5
8
8
6
96
2
142
22
135
6
2
7
48
6
188
71
5
45
49
3
4
16
2
2
2
2
1
11
3
6
176
1
1
40
7
6
13
44
52
174
2
49
3
3
2
9
10
9
6
1
148
4
10
1
16
44
3
19
2
6
9
50
14
13
19
1
10
6
2
134
1
17
2
2
5
1
35
5
5
41
1
199
43
20
15
4
7
74
38
5
9
9
9
151
48
1
1
6
12
3
5
4
73
6
1
7
67
12
1
5
6
8
77
11
37
78
13
4
2
1
6
3
2
3
15
38
206
5
3
25
20
3
19
180
184
13
119
142
193
68
2
5
27
28
1
74
8
38
4
6
8
77
6
107
1
8
2
2
4
10
3
9
15
3
7
36
4
11
1
5
27
116
5
5
59
7
20
8
2
2
1
5
9
2
76
33
62
89
9
8
20
2
24
6
5
7
3
5
1
2
2
1
9
7
16
10
9
6
4
2
9
6
31
5
81
7
39
74
1
68
2
7
8
3
97
96
12
1
7
3
1
17
2
8
13
4
7
2
24
1
183
3
1
64
4
118
10
6
14
10
4
8
6
3
7
160
13
41
7
34
13
1
2
22
21
1
15
35
4
169
3
2
9
166
6
6
7
13
1
2
4
9
19
6
9
63
23
162
5
2
2
3
1
127
11
50
12
7
5
2
109
6
6
9
2
1
2
8
8
107
6
92
7
74
42
48
2
17
4
1
6
2
48
8
1
10
47
2
2
6
8
68
1
155
12
1
151
3
39
10
7
15
15
2
2
11
1
1
175
13
125
7
3
8
6
80
38
9
28
3
18
3
6
51
123
31
175
3
14
8
12
3
10
3
9
6
3
1
11
4
5
6
35
33
4
4
110
151
2
7
52
12
1
1
6
4
7
3
1
1
9
12
2
1
15
5
36
26
43
2
15
5
4
6
3
20
34
19
6
149
2
26
6
11
5
1
4
6
9
135
1
16
37
7
9
4
32
49
132
57
5
15
1
48
191
4
12
4
3
18
42
2
1
10
4
8
1
2
2
7
3
15
91
18
1
19
84
3
14
6
6
12
3
5
47
93
62
143
80
42
163
6
26
149
3
2
2
3
8
5
2
13
14
17
4
13
2
10
6
5
12
3
35
2
13
8
16
30
81
2
173
4
15
6
135
1
15
48
5
133
1
10
5
2
2
46
92
10
1
77
36
9
90
12
145
43
1
2
10
1
1
38
2
1
47
35
11
2
1
2
9
39
79
65
55
14
108
22
182
6
6
41
2
1
4
6
2
13
12
11
88
25
138
140
10
12
5
69
41
128
98
7
2
78
4
48
6
40
1
7
7
6
109
22
1
67
10
3
4
3
46
169
12
3
1
12
10
14
12
3
93
23
20
2
2
2
112
23
115
69
9
2
73
38
10
111
115
149
3
44
119
87
4
7
5
6
40
3
4
37
3
7
6
5
9
4
3
164
13
4
1
7
103
164
1
111
45
11
151
10
74
3
175
146
5
7
38
3
3
7
23
12
9
7
1
2
3
2
9
3
19
4
11
1
9
3
41
168
3
15
130
4
2
4
154
57
152
104
9
19
14
1
1
7
10
51
6
32
11
10
2
8
10
10
1
8
2
10
9
13
53
6
118
113
3
1
8
93
42
4
8
9
5
29
1
9
109
33
187
115
46
182
10
9
6
87
3
3
80
37
16
6
34
8
3
6
4
3
1
2
87
1
15
6
38
22
152
38
15
2
2
10
5
4
7
21
181
14
1
2
13
4
1
10
8
2
161
42
78
10
1
40
7
43
10
6
5
49
1
4
5
34
53
6
8
3
1
1
19
2
9
51
1
7
69
5
12
130
5
10
2
6
126
7
9
2
16
2
1
45
5
2
1
6
38
80
5
127
2
2
19
2
2
11
2
1
2
141
55
189
4
18
30
5
1
6
4
8
51
22
2
52
2
7
9
1
1
165
154
18
12
6
5
4
22
2
14
3
7
51
20
3
128
2
6
6
5
5
6
80
1
7
4
2
12
95
68
10
2
2
95
20
8
1
5
5
6
2
29
39
6
5
117
123
13
127
1
73
4
3
7
14
51
8
2
59
43
79
8
6
136
3
1
121
56
4
13
154
1
1
136
42
6
4
6
8
6
3
4
1
1
9
4
8
9
3
2
42
5
7
3
4
10
2
8
2
1
4
12
15
11
6
10
2
7
17
2
38
4
6
9
7
6
7
36
3
2
2
1
14
8
37
29
20
6
1
135
4
2
7
2
13
58
7
7
58
7
43
40
67
1
77
89
27
9
5
1
2
1
1
8
6
69
33
12
1
11
73
11
7
6
9
5
5
5
141
3
12
1
3
1
1
2
1
8
28
60
5
11
29
1
6
57
4
6
48
25
2
102
1
3
4
73
71
12
6
2
43
17
93
102
1
23
2
2
3
5
2
93
5
17
100
21
2
4
10
2
8
9
14
3
9
4
35
7
1
7
8
4
39
19
122
4
134
9
3
107
173
53
1
6
77
25
11
3
44
4
5
2
5
2
5
13
1
67
2
5
8
9
21
1
18
9
30
30
65
1
4
5
1
7
2
5
77
6
1
28
102
2
7
2
2
20
1
1
7
3
2
3
9
36
8
3
2
36
13
2
1
2
133
8
7
9
7
39
9
9
63
4
12
3
43
52
7
3
9
3
45
3
5
39
6
7
55
98
115
2
135
5
6
9
6
1
1
4
8
7
9
15
46
9
1
75
5
11
2
106
2
1
4
24
1
3
1
2
10
13
18
49
99
1
100
6
1
2
128
160
13
2
127
74
67
9
4
1
5
20
1
5
45
39
9
32
33
7
6
9
4
43
2
1
12
2
19
9
2
141
2
2
2
4
6
11
45
52
14
79
1
1
113
13
168
4
44
138
2
1
2
127
46
192
4
57
10
4
4
3
6
2
4
2
2
163
5
1
1
25
2
2
1
1
15
153
3
235
30
1
14
3
164
151
13
6
9
40
45
122
101
34
60
7
14
6
4
41
14
46
29
14
76
2
1
1
2
14
7
1
57
10
10
33
3
4
175
4
3
6
5
1
10
6
7
7
12
48
149
6
6
9
5
1
5
3
7
152
1
123
3
2
4
120
113
1
180
5
5
74
19
3
13
4
5
51
23
1
13
2
2
7
5
5
76
69
3
63
88
12
159
129
8
6
97
29
14
40
6
1
10
5
5
3
42
84
3
35
1
6
7
4
4
159
132
8
11
10
2
2
2
27
6
10
121
5
1
74
8
143
2
5
126
20
10
14
3
7
7
2
3
10
3
55
4
4
12
38
30
1
9
29
21
10
69
1
122
3
6
1
15
2
12
4
67
36
5
12
2
61
1
8
4
7
4
8
1
12
4
8
10
6
13
1
4
7
16
74
1
143
1
97
7
29
57
49
21
8
11
3
8
2
108
5
1
4
6
1
7
8
7
3
6
44
8
2
116
1
7
7
3
34
13
7
2
10
4
10
1
8
48
26
112
70
7
1
44
8
2
12
50
9
8
99
4
51
37
29
1
168
5
7
12
74
1
28
3
11
5
7
5
2
3
42
11
113
2
79
8
37
7
6
41
5
3
3
13
4
1
17
10
5
10
1
5
9
14
2
20
5
1
7
53
14
50
12
4
2
38
33
12
4
6
2
1
1
2
31
1
15
4
5
46
69
42
7
3
2
10
2
1
1
5
6
4
23
151
11
3
8
7
21
46
16
4
12
4
8
7
1
3
5
4
3
7
5
6
1
8
99
91
166
112
9
7
2
14
67
41
22
1
60
26
1
44
48
51
4
2
1
9
7
6
4
6
19
10
13
7
8
8
9
9
10
2
6
162
142
147
4
103
39
5
2
6
9
9
87
2
8
8
7
94
115
1
16
65
10
190
4
29
13
7
1
2
14
1
98
61
5
6
4
20
4
40
1
31
31
13
4
4
9
53
8
8
11
21
57
139
79
51
20
49
5
1
6
13
44
6
78
2
4
6
137
19
4
31
85
10
2
1
6
11
3
5
157
24
2
125
8
9
26
36
2
5
5
29
56
5
31
115
3
8
2
73
6
52
69
7
2
1
6
58
109
2
1
20
1
75
119
12
147
2
1
1
42
5
126
102
53
238
9
1
61
21
4
133
16
3
1
152
1
17
8
5
6
25
23
213
2
5
46
3
2
2
1
153
28
45
19
8
9
1
35
6
1
7
6
6
5
2
124
3
21
1
2
2
35
19
1
5
6
6
3
6
7
35
2
18
127
44
7
2
1
9
8
7
35
2
19
1
3
43
87
122
2
35
2
32
2
7
13
14
28
5
19
7
18
4
11
105
59
18
25
12
27
11
3
37
1
6
8
13
36
4
68
16
159
7
4
11
4
6
11
47
116
6
7
6
8
8
4
1
16
3
2
36
7
1
8
4
7
96
4
1
2
6
1
61
129
149
135
4
13
1
4
7
5
93
1
165
14
9
84
107
7
44
59
5
33
9
14
8
1
153
14
7
1
9
172
4
9
31
4
1
128
5
167
2
117
10
3
149
7
50
23
208
2
8
178
10
10
107
111
83
190
59
5
7
1
8
20
9
10
7
3
52
101
48
9
8
5
88
63
10
1
1
69
1
9
1
1
16
1
5
9
78
2
12
7
11
35
49
73
1
1
3
154
2
38
33
5
6
123
3
8
4
49
1
4
109
1
1
3
2
42
129
7
162
40
52
135
79
4
12
78
6
181
37
43
3
5
22
58
1
2
153
3
12
6
16
106
33
2
226
6
41
1
3
6
27
8
3
7
4
7
1
1
7
7
49
2
159
115
8
7
7
68
53
11
1
130
172
7
7
6
3
42
159
2
1
10
31
8
9
2
113
6
18
7
16
3
6
51
2
161
8
16
25
5
1
6
145
8
7
1
4
2
2
40
29
11
35
8
182
147
8
194
3
6
9
2
108
54
3
7
4
4
1
187
4
1
10
5
7
9
86
18
11
77
1
114
142
1
97
47
1
29
10
57
4
98
117
158
77
33
9
49
5
1
2
37
41
3
13
6
8
6
2
21
44
1
3
35
164
111
20
8
37
4
3
4
1
12
4
13
2
5
5
9
4
6
3
3
21
11
4
9
6
1
10
5
2
2
22
5
9
4
7
181
4
6
223
5
1
6
1
8
5
156
135
82
13
62
17
8
6
10
2
3
7
14
40
8
1
67
105
19
2
18
71
11
4
1
5
17
5
5
42
42
2
40
42
3
8
36
19
3
35
54
8
2
45
45
39
5
9
17
2
4
37
6
6
5
17
32
6
2
15
145
8
136
4
77
1
16
4
1
5
3
1
3
9
2
98
3
73
2
3
27
163
5
47
132
5
13
5
5
2
9
109
6
11
2
3
80
3
1
22
6
1
9
4
9
3
26
6
14
3
2
175
5
9
93
116
1
10
5
1
3
22
1
16
86
1
162
6
1
3
6
155
138
1
1
6
8
1
5
6
3
7
2
3
133
15
2
46
54
1
2
11
40
33
4
11
3
72
14
4
5
9
7
4
1
3
63
31
138
2
4
12
1
18
4
1
85
1
50
73
9
2
1
4
7
171
8
116
64
6
57
8
8
5
23
160
1
1
7
17
21
11
43
2
1
2
1
14
5
8
6
3
2
4
8
2
10
3
26
2
3
5
10
128
5
46
40
6
2
1
150
20
35
2
176
1
7
6
5
2
67
2
9
6
12
7
1
2
9
1
2
1
9
3
1
2
7
7
3
4
2
7
2
156
118
33
129
6
42
163
2
9
9
67
2
170
8
65
1
3
29
152
14
5
6
5
3
1
18
1
54
24
4
8
2
6
1
11
78
7
9
131
6
140
7
7
9
22
41
7
106
119
2
3
1
15
2
2
9
107
30
171
4
13
5
3
6
4
16
44
10
55
95
76
47
2
30
52
19
4
120
142
4
156
1
4
3
9
1
78
3
11
47
11
1
41
40
14
4
11
6
29
2
72
106
37
2
2
9
1
2
160
10
91
30
102
33
1
2
15
10
13
122
36
91
6
19
3
5
6
11
4
6
6
4
11
9
9
13
2
53
1
1
50
42
42
70
1
50
8
58
9
3
6
1
4
2
109
13
11
10
24
2
43
4
21
50
39
40
11
5
2
8
3
9
14
4
4
4
15
6
11
7
21
35
7
42
36
1
3
11
64
1
2
8
46
6
37
9
38
7
12
26
1
5
45
1
179
9
8
24
6
36
6
132
4
5
60
7
5
24
143
10
120
3
3
21
2
132
153
3
143
5
2
148
7
5
36
57
7
13
3
43
182
7
9
2
3
3
13
38
5
1
8
6
7
3
14
19
147
5
26
2
16
2
9
6
10
3
152
9
66
37
43
16
4
34
152
19
3
9
2
4
1
2
74
3
5
5
1
7
1
3
3
17
5
3
4
7
5
41
40
8
1
148
7
2
3
15
135
14
2
5
63
75
60
2
2
2
17
38
165
153
5
50
2
95
2
3
100
126
2
13
98
5
5
2
1
5
6
6
2
2
9
6
2
10
1
28
179
1
7
1
2
1
13
2
2
7
30
4
3
3
1
10
79
43
10
2
6
8
8
1
6
5
51
14
9
18
4
35
1
126
6
10
15
1
8
23
7
31
4
4
11
1
5
7
2
1
3
6
5
3
46
4
2
2
66
1
18
8
7
7
1
57
11
7
20
24
1
120
6
7
7
11
2
2
1
11
6
148
4
11
2
21
1
8
7
17
2
22
4
5
6
7
2
3
104
1
108
1
6
6
4
132
18
1
26
5
1
136
4
59
6
12
10
40
3
132
39
55
17
49
67
13
38
84
1
6
124
9
132
2
54
17
109
8
140
4
1
4
34
10
3
2
3
44
7
9
7
3
5
9
4
38
42
14
51
2
3
7
6
2
8
9
59
68
15
8
1
17
13
1
182
1
46
4
1
10
3
10
50
6
35
162
177
7
1
44
6
1
1
28
1
2
4
6
4
2
2
1
2
5
5
2
1
99
42
22
46
5
4
61
5
8
40
5
1
10
22
40
8
3
3
8
105
1
51
3
7
5
5
1
5
3
12
4
2
25
36
58
7
45
3
19
152
67
4
166
3
6
39
2
1
11
39
2
10
67
45
148
75
48
69
7
7
1
15
1
119
2
2
18
2
2
12
2
17
176
2
8
150
5
6
63
37
185
13
11
106
24
38
9
72
49
32
9
5
7
7
7
1
2
2
8
37
10
9
49
118
6
11
42
6
1
15
2
14
4
4
6
2
1
10
57
5
125
53
111
4
8
1
130
2
3
40
1
2
1
4
8
36
4
4
5
1
145
5
40
26
8
51
2
42
59
31
1
61
6
1
71
28
57
5
7
53
28
211
40
11
10
8
63
11
4
91
32
160
5
7
5
5
1
1
57
2
131
2
7
100
23
14
20
113
12
183
121
3
9
2
136
7
11
6
161
6
5
3
6
1
163
9
12
3
3
42
1
59
2
8
4
1
150
6
1
7
3
30
6
2
5
47
111
9
161
5
9
1
3
3
14
6
1
60
2
4
1
74
1
109
17
112
9
6
179
18
5
3
31
43
20
7
38
1
130
10
33
4
38
20
7
7
7
10
7
1
16
7
4
8
25
13
47
3
4
4
3
15
3
11
15
3
34
33
23
45
37
14
3
27
46
79
16
51
81
150
37
5
1
12
4
2
13
3
1
1
4
58
3
9
1
81
32
1
201
4
47
8
41
4
6
5
8
4
87
40
1
64
8
4
2
1
42
5
1
4
101
24
1
4
6
141
2
12
9
2
132
132
161
8
9
41
46
44
89
6
129
73
11
1
1
1
184
5
1
7
2
2
17
87
34
76
63
1
9
10
7
4
3
5
2
8
6
153
42
97
42
23
1
15
3
9
3
5
5
6
3
6
154
37
37
9
2
7
7
2
1
9
1
13
125
7
9
119
104
35
6
1
4
13
4
2
149
4
3
14
4
3
15
14
1
11
6
2
51
1
6
28
59
18
197
8
30
9
3
9
10
3
10
51
5
45
65
3
3
65
59
9
74
113
8
102
122
1
26
3
5
5
2
1
1
3
32
8
24
6
77
102
3
4
6
7
11
2
1
2
44
1
40
9
13
2
20
37
64
1
30
8
2
4
6
11
4
10
2
54
50
6
12
90
2
71
42
83
12
123
141
7
1
4
2
3
5
16
35
76
4
12
6
16
4
8
13
73
3
7
4
4
1
3
6
1
56
13
12
21
6
4
5
15
2
11
2
1
2
2
6
3
35
67
10
82
19
5
5
8
1
3
3
2
7
2
12
146
9
14
7
1
6
4
7
41
7
10
182
4
1
1
16
1
9
100
1
3
4
10
1
3
5
1
117
1
1
6
144
11
6
7
38
29
3
29
7
71
3
84
77
6
74
56
47
2
3
12
1
16
7
13
45
10
4
3
30
92
4
1
57
2
13
5
7
4
1
1
2
3
2
58
2
6
119
2
2
9
2
4
4
68
1
1
76
96
8
5
1
11
8
6
9
1
6
40
9
8
131
3
1
2
2
9
3
9
53
8
2
94
1
4
5
10
10
175
12
2
6
32
2
2
2
7
13
2
1
9
9
9
16
100
163
53
14
7
8
4
1
2
6
49
2
61
51
10
9
49
2
30
34
22
7
127
11
3
5
1
50
3
105
1
3
1
12
8
4
9
8
2
5
2
32
2
3
1
63
66
1
8
4
6
32
34
23
75
3
1
4
4
10
16
6
12
6
3
35
15
4
48
4
131
1
106
4
25
10
5
1
10
18
5
16
6
12
56
3
7
51
1
5
146
146
15
116
3
4
7
48
33
6
5
2
147
4
4
1
2
4
1
65
1
1
14
42
15
5
1
11
1
5
11
6
1
8
10
10
2
2
3
1
2
39
4
39
36
14
56
3
2
2
7
10
5
34
5
73
2
46
7
10
10
42
55
185
74
6
14
2
3
5
6
1
5
7
1
52
8
36
3
165
9
7
9
10
35
3
34
11
16
68
35
1
16
2
5
5
5
3
1
6
21
2
117
4
55
105
157
76
9
82
1
74
65
8
124
3
6
5
3
15
9
1
86
11
3
19
37
26
48
16
105
1
3
54
6
12
6
5
1
2
54
3
145
19
146
5
8
54
64
10
44
84
1
137
3
5
49
1
143
6
2
12
7
8
7
4
3
1
1
5
26
8
3
1
4
52
8
103
4
4
46
101
6
181
80
29
21
2
54
7
4
1
1
12
14
9
6
47
155
45
57
11
2
39
32
3
6
5
4
10
4
4
8
20
5
5
4
3
1
5
2
2
22
1
1
14
3
5
8
2
1
188
7
137
4
2
103
2
19
12
3
185
42
203
3
8
4
71
1
1
62
31
178
7
1
17
19
3
187
5
3
3
4
51
2
3
168
149
23
1
11
7
5
48
2
8
1
89
7
2
1
5
8
4
2
17
6
11
8
6
6
3
7
4
60
129
2
143
6
8
30
3
10
61
2
1
39
3
10
1
1
103
2
2
3
137
82
7
127
1
1
54
77
1
2
5
156
3
149
6
32
3
18
9
7
14
90
1
69
11
12
7
44
3
1
18
7
16
2
79
54
2
7
7
4
41
105
156
100
1
149
82
2
159
5
48
1
36
17
8
7
70
168
25
16
62
34
2
2
9
9
5
8
2
94
9
7
6
3
1
1
47
38
45
102
11
72
4
3
17
1
2
109
120
2
57
8
70
7
100
114
166
3
9
27
34
4
14
6
9
5
3
18
2
3
2
5
63
14
12
2
2
8
3
40
2
5
2
2
3
6
5
4
8
11
3
8
3
18
35
10
5
2
4
55
41
16
65
2
8
9
9
5
1
18
7
4
10
2
4
164
134
9
53
3
2
9
6
25
55
88
4
9
7
77
5
14
6
9
1
4
58
158
39
119
8
2
137
8
3
158
3
1
19
4
1
2
3
48
19
12
108
17
11
14
30
1
4
35
2
4
11
4
43
2
158
7
9
50
119
45
11
2
110
13
1
19
2
2
2
9
2
1
2
9
12
4
14
10
8
5
45
5
5
1
2
1
18
2
19
4
156
3
8
6
4
140
1
99
7
2
50
46
124
3
53
19
98
44
52
6
3
7
4
94
10
6
8
17
63
4
6
7
1
3
43
32
48
1
8
12
10
8
2
4
7
36
87
125
15
25
67
181
27
167
11
7
22
2
1
33
5
4
4
7
3
4
1
3
7
64
19
2
16
76
8
135
4
1
2
5
4
5
8
8
4
5
1
2
50
1
4
127
1
155
2
12
4
7
9
2
5
1
15
34
47
17
4
6
14
52
6
12
7
137
10
105
1
1
121
46
104
3
3
4
2
2
2
3
2
139
80
41
7
8
8
64
19
1
1
3
4
7
5
44
4
38
1
13
7
9
2
93
2
142
3
5
3
12
7
63
52
1
1
7
1
1
11
7
12
5
7
163
20
171
1
5
9
50
3
1
11
4
5
11
18
1
41
6
7
1
4
6
8
2
2
4
8
2
2
4
15
69
14
36
13
4
1
13
3
8
5
6
1
5
74
3
14
78
1
2
2
97
10
2
1
37
5
22
56
4
1
11
3
2
1
4
7
52
29
2
54
2
100
148
4
2
127
