5
24
4
6
11
6
7
10
7
5
14
3
4
7
3
48
40
1
7
11
6
7
13
8
6
12
57
55
5
49
44
83
4
3
4
9
25
120
13
7
11
90
26
7
2
3
4
10
4
10
4
4
60
15
11
39
17
5
8
7
97
7
45
4
145
8
16
1
13
4
11
9
15
2
11
4
184
142
6
8
5
3
6
6
27
59
2
98
39
11
9
6
5
3
8
43
1
1
1
4
47
1
12
17
6
32
3
140
5
10
7
4
97
3
8
2
2
77
71
131
35
2
15
1
14
1
1
1
12
30
10
11
7
4
14
7
1
58
7
2
10
2
10
6
108
40
4
4
3
14
3
11
6
6
57
6
6
13
5
58
1
169
11
81
82
108
12
23
3
57
5
103
1
23
61
66
50
2
5
9
20
7
9
4
10
67
91
5
78
7
9
5
26
1
40
110
1
2
6
8
35
2
2
15
3
2
12
4
25
85
2
10
1
2
1
2
7
7
140
18
4
8
77
38
13
64
7
5
7
12
47
2
3
8
1
2
11
5
4
14
2
9
3
26
41
216
4
11
5
42
2
7
12
10
3
3
6
182
15
3
9
31
6
10
4
6
135
2
82
14
85
14
131
5
9
68
76
2
158
29
2
10
17
47
26
111
21
51
5
3
1
127
62
41
6
10
12
3
4
45
134
21
159
32
2
53
2
1
9
4
4
12
4
10
2
36
2
12
3
50
2
5
68
9
8
7
79
7
44
4
6
17
1
6
6
7
110
38
11
7
2
6
9
12
2
5
1
24
106
8
121
2
9
6
40
20
11
4
1
2
4
9
2
45
38
11
5
7
16
86
1
2
19
2
1
58
31
1
6
5
3
35
7
18
6
1
6
6
4
41
3
2
1
4
6
200
8
12
3
5
46
17
7
9
84
112
41
45
3
7
41
5
2
1
1
11
5
2
4
143
57
62
14
106
5
37
3
4
3
8
1
200
5
9
95
5
4
9
31
59
170
4
1
2
7
46
4
67
11
3
20
3
48
59
9
152
8
3
16
10
1
2
36
169
23
40
16
160
4
8
8
3
2
1
47
2
152
36
41
12
9
10
5
103
12
6
101
2
47
6
1
10
4
9
113
25
2
122
8
11
4
7
6
171
4
6
3
2
4
1
6
27
6
38
1
2
2
74
9
30
44
37
88
42
7
10
3
8
27
1
15
64
22
2
7
1
8
93
2
5
25
3
165
4
46
2
9
1
5
40
175
25
14
18
40
4
18
1
10
1
11
2
31
5
38
9
151
9
5
5
2
7
17
43
5
21
6
2
1
9
3
41
3
2
13
3
10
10
9
11
10
6
66
3
3
16
1
9
6
3
1
15
1
5
8
75
26
6
7
132
41
172
56
26
76
22
1
6
6
12
52
38
2
9
53
34
2
4
5
2
8
1
2
70
3
4
2
3
2
6
38
11
100
11
185
99
11
10
104
2
178
3
2
3
8
3
124
82
58
66
74
40
140
1
2
119
79
5
9
14
1
15
100
123
5
6
141
14
45
17
2
5
1
1
12
2
53
4
22
19
3
124
5
33
37
1
3
12
189
6
7
11
42
7
25
4
8
46
4
137
75
91
10
12
128
125
2
3
1
2
15
1
5
103
72
20
3
2
2
5
4
47
58
97
5
26
12
9
3
24
3
4
3
16
4
2
2
153
45
6
55
14
44
54
123
1
4
3
6
4
9
7
2
1
55
19
9
1
87
2
75
4
10
42
18
6
103
17
112
1
26
18
9
13
27
39
90
49
7
9
6
2
3
1
3
4
13
3
23
2
2
15
1
10
4
1
5
3
8
53
45
17
9
34
163
1
92
1
5
2
11
9
7
2
43
7
10
10
2
1
52
4
122
19
110
22
123
3
7
31
10
3
12
16
134
146
8
39
166
5
46
153
63
138
6
5
12
91
8
5
6
6
7
5
31
52
17
5
7
7
83
2
12
31
35
24
2
3
1
9
152
119
2
2
39
5
7
9
21
133
2
2
1
31
3
2
2
6
111
4
58
28
15
6
10
4
48
1
15
23
2
6
16
42
16
4
106
4
41
52
1
9
1
3
24
28
27
96
1
31
1
17
103
100
6
2
3
1
2
6
8
2
1
22
6
45
4
16
4
1
40
71
29
2
83
47
12
63
81
12
64
4
9
4
1
13
5
2
2
4
10
9
5
8
4
3
2
2
2
2
14
3
12
3
5
6
4
6
1
1
6
14
11
98
8
113
123
37
196
65
1
38
5
1
7
60
1
11
6
8
54
6
7
12
2
5
134
19
28
17
5
1
17
9
9
77
2
86
1
7
1
33
5
7
4
68
39
45
87
26
34
2
14
7
1
2
8
14
2
11
18
164
13
3
7
3
15
143
14
98
2
23
5
12
106
8
148
46
2
13
21
11
1
2
49
8
7
51
16
18
4
11
9
4
8
11
1
5
7
3
7
3
4
1
2
3
67
57
9
14
33
34
194
17
46
43
13
2
13
1
116
11
8
3
3
13
2
6
34
8
8
7
38
1
1
5
25
2
4
7
12
68
8
164
8
6
2
85
36
80
3
6
164
3
10
10
33
38
46
4
3
74
3
7
4
36
9
15
4
50
3
2
127
12
6
4
5
116
2
37
20
2
126
2
2
139
20
1
12
8
50
11
3
38
2
6
6
67
19
3
14
113
50
9
6
13
11
7
12
3
5
53
19
23
13
20
7
1
15
3
5
1
41
32
12
6
2
1
5
8
11
47
154
2
1
120
16
7
170
6
103
108
70
3
3
1
2
34
4
4
7
6
88
24
11
63
101
154
67
8
1
2
4
63
171
14
2
3
9
7
9
150
10
101
7
20
8
7
35
4
5
5
2
78
53
8
41
33
4
1
59
3
3
9
2
43
20
35
1
19
3
38
5
16
17
87
29
119
105
4
3
2
4
42
1
5
4
9
15
5
21
2
30
3
3
12
2
7
7
8
61
2
12
2
1
1
7
25
4
72
107
5
2
3
7
1
1
1
3
20
143
7
8
47
5
19
106
3
149
11
109
9
172
58
2
53
52
19
4
9
8
7
132
46
146
8
2
142
5
6
7
3
48
2
17
10
15
30
31
14
21
15
2
2
11
5
7
1
6
65
15
1
5
16
4
3
10
1
13
8
8
5
4
10
52
48
44
8
2
20
59
33
155
4
6
6
1
4
194
9
1
6
3
7
3
2
5
37
5
1
14
13
5
9
107
14
1
8
74
5
2
16
63
2
1
10
3
4
8
73
76
15
46
3
10
71
1
13
7
8
5
48
3
1
19
33
10
4
7
2
5
36
3
71
2
4
23
37
13
3
2
79
29
2
9
100
1
11
2
1
9
114
1
108
5
2
2
1
2
9
38
2
12
7
8
60
30
3
123
2
14
1
5
9
177
4
41
5
1
1
13
4
13
74
3
43
6
2
6
7
11
1
5
72
41
120
3
4
13
33
11
45
37
132
11
11
10
4
3
4
173
11
3
2
8
12
14
8
2
4
14
1
48
61
8
8
69
44
115
7
1
2
3
1
42
3
5
5
6
9
4
31
3
157
107
7
20
122
137
125
130
19
117
2
1
13
88
105
131
67
2
77
2
3
1
32
33
123
30
136
10
122
1
5
27
18
63
8
5
9
42
40
8
97
42
5
35
19
108
2
11
8
8
15
66
43
9
60
9
11
5
1
5
150
43
26
10
4
8
5
7
1
1
9
2
8
7
2
6
3
7
41
10
20
12
4
1
1
23
48
10
28
4
29
8
17
2
29
7
1
8
1
8
4
11
1
14
112
211
1
6
2
3
5
2
4
2
14
29
170
10
7
36
6
5
14
29
124
20
21
8
7
9
6
2
8
8
12
3
112
37
72
8
13
5
98
45
2
2
5
24
4
53
10
75
24
2
20
1
2
4
2
6
8
8
7
3
3
2
49
7
1
59
46
24
2
48
48
29
164
14
109
17
137
6
43
23
3
4
67
10
7
45
145
1
3
31
1
25
5
6
5
3
42
2
6
35
4
4
15
9
1
4
7
4
12
8
2
62
4
9
8
113
34
66
159
5
1
17
10
1
2
98
34
6
2
1
13
6
5
10
2
136
2
82
88
2
86
3
8
109
11
2
3
6
7
133
44
162
94
2
132
4
7
67
23
6
50
8
11
8
2
14
2
5
6
50
2
66
47
11
65
4
3
123
7
15
2
9
54
3
1
10
21
42
7
4
3
2
7
8
58
53
7
5
1
1
1
2
1
2
4
3
74
5
167
2
32
106
18
45
14
35
2
22
3
1
12
9
10
7
5
145
144
3
9
2
5
2
9
3
1
11
57
21
62
84
1
1
9
4
11
49
7
53
88
63
144
1
29
9
1
18
19
10
141
29
88
1
12
2
2
2
130
20
3
3
28
63
2
11
14
3
1
8
73
9
7
4
4
71
2
36
1
3
8
9
5
9
5
148
6
14
5
6
12
4
5
2
3
12
56
7
1
3
3
39
2
2
5
132
5
125
13
9
13
7
68
8
3
5
20
61
22
66
53
3
15
152
6
5
66
2
9
56
1
3
32
25
2
6
6
8
1
3
9
13
37
189
9
155
10
163
40
119
121
101
11
51
3
1
9
18
2
12
4
49
12
2
6
4
4
4
10
2
69
68
5
48
9
7
13
6
4
1
2
33
39
2
3
2
14
2
2
8
5
7
125
55
40
143
5
7
1
128
10
159
2
7
2
12
4
2
68
41
11
4
43
1
7
1
4
45
2
9
6
31
7
40
6
7
10
10
165
2
13
5
7
2
6
2
1
41
4
1
2
3
3
23
2
23
1
1
6
1
9
13
67
25
1
22
7
7
2
36
2
1
1
41
13
38
1
38
8
12
5
83
1
77
71
1
3
5
6
8
99
1
153
58
44
37
32
10
10
8
10
47
8
2
12
6
13
54
73
59
9
2
17
7
102
33
1
66
3
9
4
1
9
13
1
40
160
9
2
58
5
7
42
22
12
5
1
7
5
8
2
3
4
13
2
1
10
5
2
20
5
1
11
5
43
13
5
19
2
7
5
114
80
106
6
3
1
4
5
12
6
28
148
14
78
1
8
39
51
6
7
31
3
3
7
43
20
162
9
4
6
4
4
159
8
58
7
52
41
1
7
6
11
6
3
8
2
10
29
1
75
2
4
14
4
7
18
2
10
19
9
10
28
1
3
8
40
1
5
8
15
7
7
61
118
4
11
104
2
4
181
1
182
3
57
61
9
44
1
60
7
5
7
141
9
31
3
91
2
7
2
24
1
1
72
82
8
47
3
7
22
1
148
78
42
64
66
2
2
45
2
25
2
166
30
8
7
3
6
1
3
23
38
8
6
5
105
3
4
7
44
5
10
53
1
25
2
1
10
7
7
15
29
43
9
6
8
145
4
1
4
6
2
2
4
32
5
5
6
43
43
21
9
1
11
6
56
13
2
2
4
1
4
2
84
7
8
9
79
12
93
101
9
1
78
2
60
3
2
189
14
38
128
99
50
5
3
2
11
5
11
6
2
8
3
96
2
14
6
7
4
110
3
12
2
2
144
30
10
22
5
12
84
3
12
30
8
1
17
54
47
8
3
14
8
2
58
2
31
1
12
95
132
4
92
106
12
50
1
32
4
7
3
4
56
7
3
2
16
17
2
8
9
5
46
5
43
7
8
4
159
1
6
2
76
2
5
5
7
11
6
6
59
2
5
4
3
8
120
4
33
4
32
8
8
16
2
14
5
40
3
23
13
11
11
5
18
25
2
133
4
1
15
5
14
80
4
15
4
1
14
6
8
14
6
8
1
127
7
13
2
7
54
5
8
1
6
122
46
158
50
1
191
8
7
6
27
96
185
61
66
175
2
4
3
4
3
2
2
4
35
14
2
14
5
25
113
79
5
2
3
7
3
6
5
50
28
1
118
16
8
2
30
2
9
6
1
3
2
47
11
4
2
32
6
9
136
28
31
2
10
9
16
9
3
7
5
34
3
75
11
183
62
30
8
4
7
7
40
29
9
6
2
2
13
43
50
67
88
116
128
9
126
31
2
1
60
4
1
5
140
2
13
10
14
2
2
1
3
8
14
2
2
1
7
27
1
4
9
2
2
1
47
130
52
36
8
18
7
6
8
2
2
2
4
76
6
121
100
1
1
2
7
163
57
128
9
55
7
5
35
33
14
13
1
6
26
2
14
1
30
7
12
1
8
35
1
7
8
12
24
6
3
46
19
10
28
3
28
43
4
9
38
3
1
82
29
11
1
10
12
1
44
1
145
13
45
8
3
7
9
74
41
62
113
7
10
1
1
9
6
3
7
3
67
18
3
197
20
8
47
6
47
4
2
50
37
16
3
2
2
4
6
146
123
15
31
3
1
9
4
9
4
32
2
1
2
2
5
11
2
9
6
6
12
46
3
2
45
1
4
1
5
9
4
8
5
8
11
51
5
51
7
15
88
11
3
6
166
25
25
8
5
5
145
4
1
16
5
101
145
7
6
3
5
4
3
5
93
2
49
20
13
34
6
6
7
9
20
9
24
9
66
2
2
7
1
6
54
6
50
60
47
13
4
50
69
2
1
8
2
97
10
2
5
2
2
8
2
121
13
187
2
4
9
11
6
7
105
50
21
4
2
146
29
4
57
7
3
149
3
12
2
21
7
1
12
163
45
10
1
73
31
1
117
13
1
59
1
1
2
2
30
56
58
6
52
3
6
53
72
53
9
6
48
18
4
4
9
7
3
12
4
5
14
5
7
2
101
7
2
82
138
15
77
94
189
73
3
10
125
73
92
75
9
45
32
2
9
8
33
15
7
33
15
81
121
43
21
151
28
6
3
7
11
9
6
33
9
6
40
38
66
105
1
195
3
58
8
2
7
5
136
9
59
95
40
12
2
5
45
144
11
174
8
167
14
153
16
115
1
7
58
62
47
1
7
2
13
37
2
122
3
100
15
10
12
3
3
167
141
2
5
38
19
21
12
33
28
47
33
158
13
6
9
2
4
1
1
61
42
8
7
6
3
3
8
7
3
164
7
2
7
1
80
2
132
8
11
24
3
3
2
1
9
13
14
1
3
72
72
126
82
2
7
74
37
162
4
9
1
21
3
13
2
6
6
4
3
1
3
24
13
135
1
144
10
2
143
11
2
12
73
29
6
41
23
103
28
2
17
86
8
11
2
14
8
2
1
11
130
11
6
4
27
2
5
27
131
4
44
14
1
1
9
3
5
107
14
7
13
9
5
2
3
1
2
8
11
9
4
11
8
15
13
57
184
2
229
7
171
7
112
1
88
5
3
146
26
2
164
44
106
11
50
1
147
121
9
3
1
13
7
57
57
18
11
5
6
65
70
33
4
9
2
8
41
15
5
33
55
12
2
29
6
9
9
5
17
1
21
6
13
3
4
4
5
7
12
1
4
7
6
5
1
2
6
1
2
4
9
6
9
144
10
1
45
5
1
178
1
1
14
18
168
131
100
1
71
128
1
71
5
5
6
57
5
64
63
7
1
6
11
7
168
16
204
6
5
6
3
38
2
72
6
39
105
9
3
4
1
51
43
37
14
3
70
49
8
13
13
87
4
11
3
15
42
130
7
1
3
2
145
2
39
2
4
26
5
10
16
4
97
1
8
4
8
5
24
42
8
3
32
12
3
6
5
3
17
12
2
2
140
3
1
7
8
7
4
39
1
3
9
12
9
6
5
69
133
49
18
3
172
4
3
1
8
4
185
2
9
11
6
4
6
6
6
6
11
14
1
1
1
4
158
105
144
131
97
6
23
112
14
2
75
1
8
2
4
4
4
37
8
58
23
36
4
6
4
3
46
7
1
3
142
31
9
20
72
6
161
6
1
13
106
50
11
133
14
62
4
47
5
57
6
3
7
7
5
12
4
18
55
28
18
41
29
15
5
6
3
3
103
12
46
1
23
10
24
2
81
7
2
63
12
1
68
6
60
4
11
6
80
1
2
74
5
10
45
30
10
37
2
134
3
3
60
4
2
40
13
126
147
161
2
35
9
9
4
3
2
23
12
12
47
6
4
140
5
7
3
3
161
9
9
45
81
1
11
48
3
1
5
2
7
4
8
8
8
32
13
221
4
6
59
18
4
21
130
1
122
2
2
15
8
21
2
38
11
144
2
10
11
1
115
48
9
42
9
55
13
4
18
31
113
47
46
45
4
5
7
4
5
32
76
38
149
5
3
135
8
27
1
8
2
1
80
1
169
3
33
4
3
7
47
8
1
8
7
12
105
5
25
16
8
10
98
101
110
37
73
1
8
36
1
1
44
29
16
73
7
112
21
6
9
75
28
51
4
4
8
91
1
2
80
7
157
8
10
4
96
1
42
2
16
14
72
13
12
12
2
9
31
34
110
30
43
14
101
39
135
9
149
5
7
119
6
9
9
72
3
1
178
7
138
142
6
6
38
134
41
5
50
1
54
6
5
6
39
26
40
30
41
7
7
24
15
5
5
7
2
2
3
8
16
4
4
117
13
26
2
45
79
6
2
98
1
3
2
1
6
87
40
14
83
1
5
2
23
3
2
51
193
12
8
98
3
7
3
116
2
173
3
44
2
2
6
4
4
5
15
21
2
10
6
8
7
3
114
3
6
5
5
37
1
150
9
14
5
46
12
22
13
6
2
79
47
5
23
8
54
3
41
13
45
12
125
2
5
5
1
1
17
111
47
76
55
37
6
21
1
11
3
8
9
22
9
7
4
12
41
61
3
61
57
1
151
3
1
8
57
4
172
36
1
7
9
27
6
2
148
5
69
4
14
3
94
32
3
27
85
71
6
18
48
3
3
2
9
14
4
19
4
4
2
4
19
21
9
2
1
6
6
4
4
5
32
2
74
5
7
9
11
12
4
2
6
3
5
8
15
7
5
14
193
11
2
3
2
2
10
2
2
3
53
1
1
1
24
112
9
7
8
53
2
6
155
18
1
8
2
60
6
2
1
156
122
48
6
9
2
8
50
9
146
7
6
4
77
8
144
5
9
6
3
7
4
23
4
27
3
1
52
10
23
3
2
9
176
110
2
1
2
1
21
89
2
2
93
94
21
24
2
9
6
7
5
4
4
6
20
1
111
28
36
1
3
39
24
33
18
21
5
11
4
7
2
4
49
1
12
41
3
166
11
1
2
1
8
2
11
2
14
25
2
2
4
40
4
2
1
1
7
5
7
107
25
142
5
46
8
57
8
21
12
11
2
3
101
62
65
5
40
41
58
40
103
1
23
4
7
39
2
34
2
23
124
139
110
112
6
34
10
1
5
10
8
3
1
1
7
7
1
6
12
171
4
4
50
2
7
163
4
44
9
7
8
7
70
10
119
9
1
79
20
39
1
156
14
191
3
4
30
7
42
2
3
49
7
12
11
8
4
10
156
4
3
91
15
51
50
6
8
7
2
4
2
18
6
17
36
15
11
14
10
5
7
10
7
14
9
21
42
18
6
5
23
3
6
11
154
5
11
26
2
39
11
5
6
7
7
5
12
6
1
2
7
2
12
10
13
47
72
9
1
6
6
19
4
3
20
5
14
7
60
11
1
2
6
1
2
55
16
8
9
6
97
45
8
108
13
162
64
83
37
48
17
34
56
2
2
4
5
38
2
4
6
2
6
2
87
33
1
3
9
54
7
13
57
68
28
6
8
11
142
4
5
7
20
44
47
9
9
1
5
2
18
53
12
64
35
35
168
2
1
2
5
6
58
7
8
6
3
165
2
5
12
9
3
11
1
3
23
10
80
1
117
34
2
61
8
46
8
8
13
41
5
10
7
7
2
124
1
1
1
8
2
47
130
148
2
92
149
12
107
113
2
86
159
5
124
7
4
1
2
7
1
2
12
2
11
53
5
5
45
3
1
15
9
3
13
46
33
12
69
26
61
5
10
2
11
8
38
20
51
142
91
3
137
3
43
38
9
64
148
15
4
55
5
4
1
31
2
72
4
4
10
2
27
6
5
8
51
52
16
52
72
1
3
34
1
157
6
6
7
3
1
2
1
1
2
4
5
160
12
4
11
13
1
9
42
1
43
52
3
2
47
4
4
2
2
2
2
9
6
2
41
11
6
124
12
10
10
4
8
2
179
1
8
157
170
2
13
1
1
170
170
2
14
9
7
24
39
9
10
27
7
141
9
33
15
142
1
178
57
75
1
14
1
128
19
39
41
6
107
8
41
7
4
35
173
153
11
7
7
5
4
6
7
9
3
8
1
9
1
2
13
101
2
8
80
41
3
3
1
7
86
54
9
3
3
4
105
8
109
29
20
126
134
36
23
79
89
2
2
30
2
4
3
12
12
22
1
2
28
9
28
4
9
1
39
4
10
15
7
2
8
5
2
49
3
80
1
8
74
36
2
5
15
38
2
1
138
4
5
9
5
12
15
117
6
187
5
144
1
107
1
74
19
48
17
5
55
45
11
36
61
63
139
7
6
6
5
101
41
56
120
7
88
30
1
2
2
1
13
2
8
4
1
1
19
2
32
6
4
10
7
3
9
152
4
2
6
9
8
6
32
1
21
6
42
17
50
1
144
8
9
3
121
8
70
9
13
3
52
9
13
8
9
2
4
1
17
3
176
1
125
55
52
10
13
2
2
9
47
73
2
56
79
1
2
3
23
48
104
10
154
2
6
44
36
3
63
95
19
9
97
155
1
62
4
9
6
1
5
4
1
156
4
1
43
1
4
8
48
14
2
33
29
3
73
86
4
23
1
16
4
2
2
38
21
8
3
58
11
2
1
54
5
6
5
3
38
9
3
32
30
8
11
145
35
7
6
6
5
3
6
24
2
82
1
125
6
20
7
1
10
3
2
1
3
4
33
3
2
61
10
106
102
3
113
10
20
155
1
66
4
8
125
52
133
45
6
13
7
3
9
6
2
3
1
5
41
43
3
3
57
14
4
15
4
4
7
24
27
5
2
1
123
5
78
18
4
15
4
2
12
19
13
1
12
4
30
59
71
5
48
51
2
143
2
2
10
4
7
61
17
2
13
38
153
172
78
1
129
15
10
15
2
1
57
2
3
13
86
3
12
3
5
14
3
12
51
71
38
104
8
7
38
114
50
43
9
11
4
5
1
3
4
6
41
4
11
9
121
10
197
29
4
40
3
1
6
6
12
7
3
2
117
94
2
58
85
1
106
5
7
12
4
4
21
80
2
3
6
7
3
24
1
22
3
50
62
6
52
5
4
1
4
91
15
42
3
167
3
2
11
2
9
1
4
195
46
11
10
12
7
50
10
16
11
43
3
7
8
4
92
29
8
4
6
4
4
6
10
3
60
16
11
11
9
23
1
8
25
4
10
2
2
2
2
129
2
78
10
4
97
2
8
8
1
1
2
29
4
3
2
141
3
62
20
8
20
49
6
1
67
19
29
106
2
6
3
85
24
54
4
9
25
2
3
114
102
1
81
1
1
15
45
2
2
1
1
1
48
1
5
3
2
4
2
2
11
58
83
1
3
10
23
7
10
1
6
16
1
8
5
3
4
2
1
2
2
2
13
194
2
5
2
13
4
120
53
104
13
7
31
8
1
24
3
12
3
1
9
18
9
15
122
36
129
2
4
20
40
53
61
97
20
1
4
1
134
7
24
178
11
5
55
43
46
42
4
8
45
80
42
17
4
2
2
3
31
5
3
18
2
23
5
4
7
9
9
2
27
6
11
2
9
21
66
15
4
2
11
17
8
147
5
2
11
9
49
5
2
2
8
8
16
14
5
6
8
12
48
7
5
6
48
29
101
14
4
6
2
20
42
9
119
45
32
72
2
48
14
24
9
3
39
16
109
1
54
3
11
9
4
2
4
6
160
13
4
1
46
2
3
118
30
38
2
6
9
160
65
40
7
34
37
9
42
2
9
9
2
7
10
1
4
3
12
46
24
125
39
91
1
1
4
22
7
6
11
4
3
7
6
30
151
54
122
10
7
11
2
1
25
37
13
3
8
174
21
1
13
4
5
7
2
1
13
44
1
5
3
41
12
7
42
62
2
1
7
3
119
154
7
49
2
3
1
102
4
3
15
7
11
115
2
2
5
6
5
136
4
4
9
7
52
35
3
67
17
84
4
48
6
158
117
6
11
32
3
25
20
15
9
9
31
1
1
89
54
9
47
42
1
8
2
211
2
107
17
5
69
47
11
8
5
50
8
9
3
11
5
2
63
7
7
7
47
5
11
1
89
2
1
24
69
1
8
2
10
57
2
7
14
67
2
3
6
8
54
1
164
101
22
42
5
2
101
5
8
5
4
22
6
57
37
6
6
9
6
29
165
15
127
9
73
4
6
20
2
3
117
6
8
3
145
119
25
9
8
2
3
8
11
1
2
18
2
49
7
7
40
33
27
7
1
67
12
96
35
2
53
35
2
10
1
1
1
40
5
1
19
6
175
7
9
7
8
1
12
8
15
12
2
14
22
25
21
8
3
7
9
7
1
40
69
98
122
73
1
2
2
4
9
1
50
5
5
8
18
109
37
1
6
7
3
2
54
12
4
7
9
6
1
2
4
1
5
8
9
5
30
2
2
2
4
2
1
11
19
20
35
14
4
13
3
2
2
10
4
7
2
20
2
1
4
7
6
13
17
37
3
3
2
78
2
66
105
7
6
96
6
18
57
85
2
41
25
11
15
41
132
45
2
47
3
20
38
5
7
15
13
8
3
4
198
14
48
2
6
14
2
6
4
1
16
10
11
15
154
1
53
15
39
10
11
2
8
4
9
7
86
3
1
1
2
38
5
2
3
46
10
46
12
11
11
18
1
8
6
7
9
3
41
2
3
13
9
29
146
2
6
1
8
2
16
1
2
4
6
5
38
45
3
15
7
8
1
10
18
4
131
4
66
17
7
57
32
5
9
42
86
45
64
3
6
126
6
6
7
77
1
3
4
30
6
41
2
2
44
26
15
73
25
2
84
35
58
6
2
5
3
5
6
61
10
50
21
2
13
4
13
9
87
2
183
7
7
8
7
5
6
6
7
3
4
7
17
6
15
5
5
7
2
4
42
17
46
28
175
2
1
14
2
2
1
3
4
172
5
6
44
31
164
6
157
36
172
3
3
43
1
2
12
9
178
1
17
111
125
5
5
3
54
23
118
10
14
7
2
5
6
82
7
8
42
7
2
3
68
1
91
1
92
114
25
4
2
1
6
11
47
6
83
42
22
5
1
152
159
10
28
34
6
188
25
30
10
38
1
13
32
2
167
17
1
30
82
8
46
90
1
82
7
8
4
2
2
12
2
27
73
119
4
12
2
15
3
25
8
16
3
9
2
3
8
6
88
60
5
4
15
4
7
8
6
9
8
8
11
11
8
35
1
20
3
2
62
42
35
46
4
42
11
119
35
125
8
8
51
114
42
9
134
122
133
76
13
5
94
6
5
6
11
72
34
12
14
8
7
3
36
3
41
2
3
51
56
16
13
8
13
8
126
25
123
146
10
90
30
38
10
5
7
98
71
22
9
92
2
7
2
58
14
23
20
1
1
3
183
31
134
56
111
9
2
9
1
12
79
128
41
90
8
19
3
1
11
2
4
1
3
7
11
9
8
8
40
2
188
41
40
11
9
10
1
93
5
6
4
7
57
5
44
4
33
2
159
7
9
55
14
1
3
7
2
12
34
156
16
100
20
101
142
6
14
6
9
10
2
1
5
7
10
177
20
1
63
8
2
5
49
2
2
9
2
4
8
9
7
4
1
1
5
5
92
77
50
9
33
2
28
3
7
5
7
56
2
4
2
138
150
10
161
37
164
7
7
10
5
8
42
37
1
1
8
68
9
1
2
4
10
5
1
5
2
3
1
13
8
5
23
9
7
124
31
5
74
1
153
51
50
8
21
1
45
